Ba 4554 +/-10 A
  4544.102 106.00112     3.560    -2.039               3.456
  4544.141      21.1     7.866    -1.946
  4544.141 106.00113     3.460    -2.022               3.456
  4544.156     107.0     3.195    -3.131               3.450
  4544.164 106.00112     3.289    -1.774               3.456
  4544.170 106.00112     3.560    -2.049               3.456
  4544.197 106.00113     3.276    -0.849               3.456
  4544.234      64.0     0.921    -0.546
  4544.261      45.0     1.833    -1.790
  4544.269 106.00113     3.276    -0.839               3.456
  4544.278 106.00112     2.514    -2.00                3.456
  4544.292 106.00112     1.940    -2.584               3.456
  4544.304 106.00112     3.289    -1.784               3.456
  4544.307      39.0     1.917     -0.12                                        
  4544.312     107.0     3.195    -3.131               3.450
  4544.354     607.0     0.371    -4.426               7.650
  4544.358      26.0     4.652    -9.99
  4544.362 106.00112     2.514    -3.994               3.456
  4544.377 106.00112     3.574    -2.427               3.456
  4544.379 106.00112     1.940    -2.597               3.456
  4544.397 106.00112     2.514    -4.090               3.456
  4544.410      25.0     4.794    -1.030
  4544.432     607.0     1.452    -4.067               7.650
  4544.433      23.1     6.713    -3.083
  4544.434      26.0     4.320    -3.644
  4544.447      22.0     3.351    -3.723
  4544.478      26.0     3.984    -3.00
  4544.482 106.00112     2.514    -1.203               3.456
  4544.486 106.00112     3.289    -4.930               3.456
  4544.510      24.0     3.013    -2.00
  4544.511 106.00112     3.574    -2.860               3.456
  4544.514      90.1     0.557    -2.071
  4544.524      69.1     3.506    -2.770
  4544.552      27.0     3.629    -1.511
  4544.606 106.00112     3.080    -1.107               3.456
  4544.612      24.0     2.544    -0.80
  4544.666      21.0     1.865    -0.607
  4544.678      27.0     3.665    -3.443
  4544.687      22.0     0.818    -0.520
  4544.689      24.1     3.105    -4.176
  4544.716 106.00113     1.576    -4.492               3.456
  4544.732 106.00113     1.978    -1.703               3.456
  4544.737      22.0     2.506    -2.703
  4544.747     607.0     1.505    -3.795               7.650
  4544.751     607.0     1.326    -4.408               7.650
  4544.753     607.0     0.616    -4.802               7.650
  4544.758     607.0     0.776    -2.028               7.650
  4544.763 106.00112     0.709    -2.782               3.456
  4544.763 106.00113     3.560    -2.039               3.456
  4544.767 106.00113     1.872    -1.986               3.456
  4544.767 106.00113     3.560    -2.049               3.456
  4544.771 106.00112     0.709    -3.843               3.456
  4544.781      26.0     4.607    -2.733
  4544.811 106.00113     1.978    -1.724               3.456
  4544.820     607.0     0.993    -2.833               7.650
  4544.823     607.0     0.993    -3.134               7.650
  4544.827     607.0     0.776    -2.040               7.650
  4544.833      62.1     0.333    -1.485
  4544.844     607.0     0.503    -4.561               7.650
  4544.899 106.00112     3.080    -4.123               3.456
  4544.914 106.00112     3.574    -2.869               3.456
  4544.918 106.00113     1.872    -1.974               3.456
  4544.941      27.1     8.599    -3.841
  4544.953      58.1     0.417     -0.79                                 LAWLER 
  4544.993     607.0     0.846    -2.00                7.650
  4545.003      27.1     8.456    -3.916
  4545.044     607.0     0.845    -1.869               7.650
  4545.052 106.00112     3.080    -1.117               3.456
  4545.052    18.1      17.140    -0.234
  4545.073     607.0     0.846    -4.803               7.650
  4545.113      26.0     4.559    -2.825
  4545.118 106.00113     2.514    -3.994               3.456
  4545.133      22.1     1.131    -2.50
  4545.148      26.1     7.773    -2.557
  4545.166      75.0     1.955    -1.210
  4545.177      70.1     6.651    -2.990
  4545.186    11.0       2.104    -2.333
  4545.234 106.00113     1.872    -3.847               3.456
  4545.238      27.0     3.930    -1.00
  4545.253 106.00112     0.709    -2.674               3.456
  4545.271      25.0     4.679    -1.861
  4545.330      14.0     5.082    -3.086
  4545.330      60.1     0.859     -1.40                                 LAWLER 
  4545.331      24.0     2.544    -1.280
  4545.342      25.0     4.685    -2.096
  4545.353      20.0     2.523    -3.497
  4545.387      23.0     1.955     0.20
  4545.474      24.1     5.871    -4.579
  4545.489      17.0     8.987    -2.420
  4545.505      24.1     3.105    -4.498
  4545.524      26.0     3.642    -3.60
  4545.562      92.1     0.285    -1.639
  4545.608 106.00113     1.978    -3.914               3.456
  4545.617 106.00112     1.576    -4.492               3.456
  4545.621     607.0     0.498    -4.185               7.650
  4545.633      26.0     4.652    -4.234
  4545.677      77.0     1.623    -1.720
  4545.744     607.0     0.421    -4.929               7.650
  4545.754      26.0     3.237    -4.50
  4545.778      27.0     4.113    -3.359
  4545.798      62.1     0.659    -1.710
  4545.825      27.0     3.732    -2.00
  4545.867      58.1     0.736     -1.23                                 LAWLER 
  4545.938      26.0     3.654    -4.393
  4545.939      24.1     8.348    -2.289
  4545.953      24.0     0.941    -1.370
  4545.958 106.00113     1.595    -4.562               3.456
  4545.966 106.00112     3.672    -0.725               3.456
  4545.985      27.0     2.718    -1.593
  4546.023      24.0     3.551    -3.528
  4546.028      24.1     6.805    -3.416
  4546.036      69.1     4.531    -2.500
  4546.046 106.00113     1.940    -2.597               3.456
  4546.056      26.1     7.988    -3.514
  4546.061      58.0     0.028     -0.78                                        
  4546.102      23.0     2.638    -4.851
  4546.121      69.1     3.783    -2.420
  4546.142 106.00112     1.978    -2.00                3.456
  4546.152 106.00113     1.940    -2.584               3.456
  4546.175 106.00112     1.978    -2.00                3.456
  4546.208 106.00112     1.872    -1.986               3.456
  4546.220 106.00113     1.873    -1.986               3.456
  4546.233 106.00112     1.978    -3.914               3.456
  4546.257 106.00113     1.873    -1.974               3.456
  4546.270 106.00112     1.872    -3.847               3.456
  4546.273      24.0     4.778    -2.00
  4546.334      26.0     3.642    -4.526
  4546.346 106.00113     3.080    -4.123               3.456
  4546.360     607.0     0.994    -3.134               7.650
  4546.362     607.0     0.994    -2.833               7.650
  4546.400 106.00112     1.872    -1.974               3.456
  4546.443      23.0     1.853    -2.182
  4546.466      25.1     9.858    -4.186
  4546.469      26.0     4.186    -2.50
  4546.481      74.0     2.267    -0.430
  4546.507     607.0     1.505    -3.787               7.650
  4546.509     607.0     0.513    -4.192               7.650
  4546.511     607.0     1.326    -4.403               7.650
  4546.522 106.00113     2.517    -4.090               3.456
  4546.542      24.0     4.106    -2.435
  4546.601     607.0     0.836    -1.869               7.650
  4546.623      24.1     7.772    -1.279
  4546.640 106.00113     3.289    -4.930               3.456
  4546.640      69.1     4.684    -3.430
  4546.640     607.0     0.428    -3.988               7.650
  4546.655     607.0     0.836    -1.890               7.650
  4546.658      69.1     3.936    -0.530
  4546.659      69.1     4.433    -2.700
  4546.661      23.0     1.849    -2.770
  4546.683     607.0     0.836    -4.782               7.650
  4546.687      26.0     3.960    -2.60
  4546.687 106.00113     1.873    -3.847               3.456
  4546.743 106.00113     3.464    -4.930               3.456
  4546.772      26.1     7.653    -4.529
  4546.818      41.0     0.197    -0.750
  4546.857 106.00113     3.276    -4.014               3.456
  4546.869      27.0     3.409    -1.816
  4546.886 106.00113     3.574    -4.534               3.456
  4546.920      28.0     4.165    -0.271
  4546.927      44.0     1.123    -1.180
  4546.934 106.00112     1.595    -4.562               3.456
  4546.939      27.1     7.980    -1.581
  4546.954 106.00113     3.487    -0.984               3.456
  4546.975 106.00112     3.464    -4.930               3.456
  4546.984     607.0     0.760    -2.040               7.650
  4546.990      26.0     4.584    -2.822
  4547.017      26.0     1.557    -3.55
  4547.030      70.1     5.633    -1.790
  4547.042      70.1     4.264    -2.940
  4547.051     607.0     0.760    -2.053               7.650
  4547.077     607.0     0.995    -3.532               7.650
  4547.079     607.0     0.995    -2.833               7.650
  4547.080     607.0     0.995    -2.577               7.650
  4547.107 106.00113     3.574    -4.543               3.456
  4547.108     607.0     0.441    -3.988               7.650
  4547.155      73.0     1.237    -1.890
  4547.163      24.1     8.316    -2.308
  4547.192 106.00112     3.464    -2.022               3.456
  4547.193      42.0     3.359    -1.650
  4547.218      28.0     3.635    -1.05
  4547.231 106.00112     2.596    -2.887               3.456
  4547.260      26.1     9.439    -1.631
  4547.266 106.00113     0.693    -4.641               3.456
  4547.285 106.00113     2.596    -2.887               3.456
  4547.287      44.0     0.928    -1.450
  4547.296      22.0     3.104     0.0
  4547.305      69.1     4.512    -2.290
  4547.312 106.00112     3.464    -2.031               3.456
  4547.323      69.1     3.766    -3.500
  4547.376 106.00113     0.806    -4.096               3.456
  4547.383      22.0     2.506    -4.865
  4547.428 106.00112     2.596    -2.873               3.456
  4547.440      27.0     3.622    -1.928
  4547.451 106.00113     2.938    -4.095               3.456
  4547.480 106.00113     0.806    -2.242               3.456
  4547.486      23.0     1.931    -4.124
  4547.495      24.0     4.411    -2.846
  4547.504      24.0     2.987    -3.00
  4547.506     107.0     3.175    -3.274               3.450
  4547.523 106.00113     2.633    -1.255               3.456
  4547.556 106.00113     2.596    -2.873               3.456
  4547.575      21.0     2.303    -4.062
  4547.614 106.00113     2.633    -1.267               3.456
  4547.618     107.0     3.175    -3.274               3.450
  4547.631      24.0     3.556    -3.050
  4547.651      27.0     3.622    -2.290
  4547.662 106.00112     1.873    -1.986               3.456
  4547.674      27.0     4.149    -3.091
  4547.674 106.00113     0.806    -2.199               3.456
  4547.724 106.00112     1.873    -3.847               3.456
  4547.732      27.0     1.049    -4.186
  4547.740 106.00112     1.873    -1.974               3.456
  4547.748     607.0     0.996    -3.724               7.650
  4547.751     607.0     0.996    -2.577               7.650
  4547.752     607.0     0.996    -2.423               7.650
  4547.780 106.00113     0.806    -4.111               3.456
  4547.801      22.0     2.480    -0.797
  4547.820      69.1     4.324    -2.420
  4547.823      41.0     1.121    -1.740
  4547.825 106.00112     3.487    -4.050               3.456
  4547.830      20.0     1.899    -3.505
  4547.847      26.0     3.546    -1.142
  4547.848      25.0     4.660    -4.262
  4547.860      44.0     1.734    -0.950
  4547.904 106.00113     2.517    -1.203               3.456
  4547.938     607.0     0.392    -4.390               7.650
  4547.943      70.1     6.954    -2.040
  4547.959      24.0     3.556    -2.524
  4547.970 106.00112     3.487    -0.984               3.456
  4547.971      70.1     7.552    -3.180
  4547.985      69.1     4.461    -2.000
  4548.001 106.00113     2.517    -1.217               3.456
  4548.004     607.0     0.381    -4.403               7.650
  4548.007      64.0     1.357     0.451
  4548.026 106.00113     1.017    -2.274               3.456
  4548.051      24.1     6.282    -3.617
  4548.077      69.1     3.884    -2.330
  4548.089      24.0     3.087    -3.436
  4548.100      69.0     1.893    -1.380
  4548.109      22.0     2.495    -0.630
  4548.162 106.00113     3.280    -4.014               3.456
  4548.164 106.00113     3.672    -0.725               3.456
  4548.165      24.0     3.980    -3.083
  4548.175     607.0     1.390    -3.531               7.650
  4548.188     607.0     0.828    -1.890               7.650
  4548.207      24.0     3.556    -2.436
  4548.219     607.0     0.421    -4.922               7.650
  4548.235     607.0     0.828    -1.913               7.650
  4548.236      60.0     0.456     -0.12                                        
  4548.261     607.0     0.828    -4.760               7.650
  4548.282      27.1     7.887    -3.999
  4548.293 106.00113     1.578    -4.492               3.456
  4548.338 106.00112     2.517    -4.090               3.456
  4548.354      70.1     2.847    -2.620
  4548.382     607.0     0.998    -3.854               7.650
  4548.387     607.0     0.998    -2.423               7.650
  4548.388     607.0     0.998    -2.310               7.650
  4548.423 106.00112     2.517    -1.203               3.456
  4548.428      26.0     4.313    -2.90
  4548.481      77.0     3.785    -0.180
  4548.502      70.1     5.724    -2.710
  4548.539 106.00113     1.596    -4.562               3.456
  4548.541 106.00112     2.517    -1.217               3.456
  4548.597      69.0     2.150    -0.150
  4548.606      69.1     4.373    -2.560
  4548.607      23.0     1.081    -3.934
  4548.626 106.00112     2.517    -3.994               3.456
  4548.647      24.0     4.186    -0.950
  4548.659      76.0     1.841    -1.390
  4548.684      23.1     3.753    -3.216
  4548.707      45.0     1.484    -1.990
  4548.763    22.0       0.826    -0.354
  4548.822 106.00113     1.017    -4.543               3.456
  4548.841 106.00112     2.633    -4.014               3.456
  4548.886      58.0     0.384     -0.29                                        
  4548.955 106.00112     2.633    -1.255               3.456
  4548.974     607.0     1.000    -3.953               7.650
  4548.980     607.0     1.000    -2.310               7.650
  4548.981     607.0     1.000    -2.221               7.650
  4549.008      60.1     0.559     -1.51                                        
  4549.009 106.00112     2.633    -1.267               3.456
  4549.021     607.0     0.525    -4.561               7.650
  4549.036      23.0     1.853    -2.613
  4549.044      23.0     2.708    -3.563
  4549.065     607.0     0.640    -4.805               7.650
  4549.133 106.00112     2.938    -0.994               3.456
  4549.159      42.0     3.399    -1.708
  4549.168      21.1     7.877    -1.767
  4549.172     607.0     0.745    -2.053               7.650
  4549.192      26.1     5.911    -1.767
  4549.195 106.00112     1.578    -4.492               3.456
  4549.204      24.0     3.422    -3.403
  4549.216      24.1     5.873    -4.232
  4549.224      69.1     4.114    -1.910
  4549.238     607.0     0.745    -2.066               7.650
  4549.255      24.1     7.774    -2.517
  4549.276 106.00112     2.938    -4.095               3.456
  4549.278 106.00112     2.938    -4.095               3.456
  4549.286      21.0     3.101    -1.307
  4549.290      24.0     3.556    -3.530
  4549.280      26.0     4.50     -1.60
  4549.315 106.00113     2.938    -0.994               3.456
  4549.333     607.0     1.281    -3.873               7.650
  4549.352 106.00113     2.281    -1.449               3.456
  4549.369 106.00113     2.633    -4.014               3.456
  4549.378     607.0     0.513    -4.172               7.650
  4549.383 106.00113     2.517    -3.994               3.456
  4549.387      70.1     7.047    -3.770
  4549.417      42.0     3.164    -1.492
  4549.421 106.00112     2.938    -0.983               3.456
  4549.423      44.0     0.997    -2.140
  4549.452 106.00113     2.221    -2.745               3.456
  4549.466      26.0     3.882    -2.00
  4549.467    26.1       2.828    -2.00
  4549.491      57.0     0.373     -0.92                                        
  4549.497 106.00113     2.281    -1.434               3.456
  4549.499 106.00112     1.943    -2.584               3.456
  4549.516 106.00112     1.596    -4.562               3.456
  4549.525     607.0     1.620    -4.336               7.650
  4549.527     607.0     1.003    -4.034               7.650
  4549.535     607.0     1.003    -2.221               7.650
  4549.537     607.0     1.003    -2.147               7.650
  4549.615 106.00113     2.221    -2.726               3.456
  4549.622    22.1       1.584    -0.0
  4549.632      58.1     1.365     -0.52                                        
  4549.651      27.0     3.067    -0.328
  4549.657 106.00113     2.938    -0.983               3.456
  4549.675 106.00112     3.280    -0.839               3.456
  4549.680      27.0     3.632    -1.974
  4549.725     607.0     0.820    -1.913               7.650
  4549.729      70.1     7.251    -2.440
  4549.750 106.00113     1.724    -4.695               3.456
  4549.758 106.00113     3.464    -2.031               3.456
  4549.768     607.0     0.820    -1.938               7.650
  4549.793     607.0     0.820    -4.736               7.650
  4549.798 106.00113     3.464    -2.022               3.456
  4549.812      22.1     1.180    -2.25
  4549.827 106.00112     3.280    -4.014               3.456
  4549.850      20.0     2.526    -3.963
  4549.866      24.0     3.556    -3.736
  4549.901 106.00112     1.943    -2.597               3.456
  4549.914      26.0     3.686    -4.325
  4549.934 106.00112     0.693    -4.641               3.456
  4549.947      44.0     2.900    -0.280
  4549.965      24.1     8.351    -1.381
  4549.974 106.00113     2.976    -4.090               3.456
  4549.990 106.00112     3.280    -4.014               3.456
  4549.996     607.0     1.390    -3.524               7.650
  4550.032      62.0     0.282    -0.870
  4550.042     607.0     1.006    -4.102               7.650
  4550.051     607.0     1.006    -2.147               7.650
  4550.052     607.0     1.006    -2.085               7.650
  4550.054 106.00113     3.369    -2.403               3.456
  4550.056      64.1     0.556    -2.620
  4550.074      27.1     7.874    -1.564
  4550.083      59.1     0.000    -1.719
  4550.108      25.1     5.836    -0.35
  4550.137 106.00112     0.806    -2.242               3.456
  4550.141 106.00112     3.280    -0.849               3.456
  4550.156 106.00112     0.806    -4.111               3.456
  4550.166 106.00112     2.976    -1.397               3.456
  4550.206      26.0     4.608    -2.80
  4550.293      58.1     1.122     -0.30                                BIEMONT 
  4550.303      23.1     7.942    -1.553
  4550.307 106.00113     3.369    -2.393               3.456
  4550.321 106.00112     2.976    -4.090               3.456
  4550.329      69.1     3.764    -3.180
  4550.336     607.0     0.441    -3.971               7.650
  4550.336 106.00112     0.806    -4.096               3.456
  4550.350      20.0     5.390    -4.679
  4550.355 106.00112     0.806    -9.99               3.456
  4550.409      76.0     1.841    -0.710
  4550.419 106.00113     3.487    -4.050               3.456
  4550.433 106.00113     3.574    -2.427               3.456
  4550.454 106.00112     2.976    -1.386               3.456
  4550.463      69.1     3.958    -2.340
  4550.479      27.0     3.252    -2.310
  4550.479     607.0     0.529    -4.178               7.650
  4550.514 106.00112     2.221    -2.745               3.456
  4550.517     607.0     1.010    -4.160               7.650
  4550.527     607.0     1.010    -2.085               7.650
  4550.529     607.0     1.010    -2.030               7.650
  4550.592      70.1     5.168    -2.160
  4550.595 106.00113     1.725    -4.695               3.456
  4550.613      69.1     4.435    -0.940
  4550.678 106.00112     2.221    -2.726               3.456
  4550.711 106.00113     2.281    -3.971               3.456
  4550.759 106.00112     2.281    -1.449               3.456
  4550.777      77.0     1.606    -2.601
  4550.765      26.0     4.55     -0.50 
  4550.804 106.00112     2.598    -2.873               3.456
  4550.827 106.00113     3.280    -0.839               3.456
  4550.829      25.0     4.827    -2.803
  4550.831      59.1     0.204    -1.485
  4550.836      28.0     3.941    -3.892
  4550.839 106.00112     2.281    -3.971               3.456
  4550.873      25.0     5.133    -2.560
  4550.897      28.0     3.542    -2.80
  4550.908 106.00112     2.598    -2.887               3.456
  4550.933 106.00113     2.598    -2.873               3.456
  4550.949 106.00112     2.281    -1.434               3.456
  4550.951      64.1     0.731    -1.310
  4550.953     607.0     1.014    -4.212               7.650
  4550.959 106.00112     1.017    -2.70                3.456
  4550.962 106.00113     2.598    -2.887               3.456
  4550.966     607.0     1.014    -2.030               7.650
  4550.967     607.0     1.014    -1.981               7.650
  4550.999      27.0     3.732    -2.012
  4551.013 106.00112     1.017    -4.543               3.456
  4551.034     607.0     0.455    -3.971               7.650
  4551.044 106.00112     1.724    -4.695               3.456
  4551.059     607.0     0.640    -4.793               7.650
  4551.078      21.0     3.057    -4.063
  4551.108     607.0     0.525    -4.552               7.650
  4551.119     607.0     1.620    -4.329               7.650
  4551.125      24.0     4.778    -3.145
  4551.171 106.00113     3.218    -4.215               3.456
  4551.198 106.00113     3.280    -0.849               3.456
  4551.217      28.0     4.167    -0.880
  4551.218      24.1     8.525    -4.391
  4551.218     607.0     0.812    -1.938               7.650
  4551.250 106.00113     1.656    -4.624               3.456
  4551.263     607.0     0.812    -1.963               7.650
  4551.281 106.00112     2.723    -2.399               3.456
  4551.285 106.00113     3.667    -4.534               3.456
  4551.287     607.0     0.812    -4.711               7.650
  4551.291      58.1     0.740     -0.42                                 LAWLER 
  4551.295      76.0     1.841    -1.310
  4551.322     607.0     0.731    -2.066               7.650
  4551.326 106.00112     2.723    -2.409               3.456
  4551.340     607.0     1.281    -3.867               7.650
  4551.343 106.00113     3.056    -4.215               3.456
  4551.349     607.0     1.018    -4.258               7.650
  4551.362     607.0     1.018    -1.981               7.650
  4551.363 106.00113     1.943    -2.584               3.456
  4551.364     607.0     1.018    -1.937               7.650
  4551.385     607.0     0.731    -2.080               7.650
  4551.429     607.0     1.559    -4.888               7.650
  4551.455      64.1     1.102    -1.500
  4551.474      90.0     1.717    -0.563
  4551.494      24.1     9.635    -3.625
  4551.496     107.0     3.160    -3.478               3.450
  4551.504      24.0     4.855    -2.017
  4551.525 106.00113     2.938    -4.095               3.456
  4551.571     107.0     3.160    -3.478               3.450
  4551.573 106.00113     1.943    -2.597               3.456
  4551.588      14.0     4.920    -3.942
  4551.591 106.00113     2.976    -1.397               3.456
  4551.618 106.00112     2.814    -2.389               3.456
  4551.625      45.0     1.279    -1.300
  4551.625      20.0     5.821    -3.218
  4551.627 106.00113     0.728    -2.699               3.456
  4551.647      26.0     3.943    -2.00
  4551.660 106.00112     2.814    -2.399               3.456
  4551.693     607.0     1.023    -4.299               7.650
  4551.697      22.0     3.285    -2.942
  4551.709     607.0     1.023    -1.898               7.650
  4551.729      22.0     2.472    -2.238
  4551.731     607.0     1.023    -1.937               7.650
  4551.791     607.0     0.392    -4.380               7.650
  4551.792 106.00113     0.728    -3.918               3.456
  4551.812      14.0     5.082    -3.258
  4551.836      74.0     1.655    -1.060
  4551.840      23.0     1.800    -0.950
  4551.890 106.00112     1.725    -4.695               3.456
  4551.942      69.1     4.481    -1.590
  4551.956      73.0     0.491    -1.710
  4551.958      23.1     7.963    -1.379
  4551.975      92.0     0.077    -1.479
  4551.977     607.0     0.404    -4.369               7.650
  4551.991 106.00113     0.729    -2.612               3.456
  4551.994      68.0     0.890    -0.795
  4552.006     607.0     1.029    -4.337               7.650
  4552.014 106.00113     2.976    -1.386               3.456
  4552.024     607.0     1.029    -1.861               7.650
  4552.047     607.0     1.029    -1.898               7.650
  4552.060 106.00112     3.218    -1.365               3.456
  4552.062      58.0     0.028     -1.04                                        
  4552.105 106.00113     2.223    -2.726               3.456
  4552.118      44.0     1.063    -1.850
  4552.138      68.1     2.212    -0.382
  4552.140     607.0     0.441    -4.917               7.650
  4552.143 106.00113     2.223    -2.745               3.456
  4552.147      26.0     4.371    -1.70
  4552.153      90.0     1.091    -0.980
  4552.176 106.00112     2.633    -2.409               3.456
  4552.180 106.00112     3.574    -4.534               3.456
  4552.197 106.00112     3.574    -4.543               3.456
  4552.228 106.00112     2.633    -2.420               3.456
  4552.238 106.00112     3.218    -4.215               3.456
  4552.249      59.0     0.000    -0.292
  4552.271      24.1     6.285    -2.670
  4552.289     607.0     1.034    -4.372               7.650
  4552.290      23.1     7.951    -1.529
  4552.294      22.1     1.116    -2.890
  4552.308     607.0     1.034    -1.828               7.650
  4552.323 106.00112     3.369    -2.403               3.456
  4552.327 106.00113     3.175    -1.096               3.456
  4552.333     607.0     1.034    -1.861               7.650
  4552.365 106.00112     1.656    -4.624               3.456
  4552.398 106.00112     3.218    -1.355               3.456
  4552.406 106.00113     3.174    -1.106               3.456
  4552.406    16.1      15.068    -0.208
  4552.410      21.1     7.866    -2.670
  4552.412      78.0     4.176     0.500
  4552.414      22.0     1.502    -9.99
  4552.435      27.0     3.812    -0.662
  4552.453      22.0     0.836    -0.20
  4552.468      20.0     6.054    -3.165
  4552.522     607.0     1.041    -4.404               7.650
  4552.542     607.0     1.041    -1.797               7.650
  4552.568     607.0     1.041    -1.828               7.650
  4552.606      70.1     5.169    -2.320
  4552.659 106.00112     3.369    -2.393               3.456
  4552.550      26.0     4.00     -1.20
  4552.660      62.1     0.248    -0.820
  4552.676     607.0     0.805    -1.963               7.650
  4552.713 106.00113     2.941    -4.095               3.456
  4552.713     607.0     0.805    -1.990               7.650
  4552.713     607.0     1.129    -4.639               7.650
  4552.720     607.0     1.047    -4.434               7.650
  4552.735     607.0     0.805    -4.685               7.650
  4552.742     607.0     1.047    -1.768               7.650
  4552.743      69.1     4.265    -2.790
  4552.748     607.0     1.129    -1.569               7.650
  4552.763     607.0     1.559    -4.883               7.650
  4552.774     607.0     1.047    -1.797               7.650
  4552.817     607.0     1.566    -1.742               7.650
  4552.861     607.0     1.118    -4.620               7.650
  4552.874      24.0     4.468    -0.70
  4552.876     607.0     1.055    -4.462               7.650
  4552.894     607.0     1.118    -1.587               7.650
  4552.899     607.0     1.055    -1.741               7.650
  4552.917     607.0     1.566    -1.749               7.650
  4552.927     607.0     1.055    -1.768               7.650
  4552.933      23.0     2.575    -4.439
  4552.936      70.1     5.510    -3.410
  4552.958 106.00113     1.657    -4.624               3.456
  4552.968      26.0     4.446    -2.70
  4552.988     607.0     1.107    -4.601               7.650
  4552.993      24.1     8.354    -4.402
  4553.005     607.0     1.062    -4.489               7.650
  4553.020     607.0     1.107    -1.606               7.650
  4553.022      40.0     0.520     -1.22                                        
  4553.030     607.0     1.062    -1.715               7.650
  4553.049      23.0     2.359    -1.530
  4553.051 106.00113     3.056    -1.125               3.456
  4553.053     607.0     1.062    -1.741               7.650
  4553.053      20.0     6.054    -4.046
  4553.058     607.0     1.107    -1.625               7.650
  4553.061 106.00113     3.218    -1.365               3.456
  4553.062     607.0     1.097    -4.581               7.650
  4553.063      58.0     0.206     -0.86                                        
  4553.070      20.0     6.054    -3.377
  4553.072     607.0     1.070    -4.514               7.650
  4553.086      69.1     4.301    -1.810
  4553.092     607.0     1.097    -1.625               7.650
  4553.099     607.0     1.070    -1.691               7.650
  4553.111     607.0     1.088    -4.559               7.650
  4553.113     607.0     1.079    -4.537               7.650
  4553.125 106.00113     3.460    -4.930               3.456
  4553.130      66.0     1.056    -1.400
  4553.134     607.0     1.097    -1.646               7.650
  4553.135     607.0     1.070    -1.715               7.650
  4553.140     607.0     1.088    -1.646               7.650
  4553.140     607.0     1.079    -1.668               7.650
  4553.164      28.0     3.658    -1.660
  4553.169 106.00112     2.223    -2.726               3.456
  4553.174     607.0     1.079    -1.691               7.650
  4553.176     607.0     1.088    -1.668               7.650
  4553.179 106.00113     2.037    -1.702               3.456
  4553.202 106.00113     2.636    -1.255               3.456
  4553.206      21.1     4.850    -1.118
  4553.206 106.00112     2.223    -2.745               3.456
  4553.208      27.0     2.280    -3.388
  4553.213 106.00112     3.648    -1.081               3.456
  4553.215      42.0     2.515    -1.546
  4553.219 106.00112     3.648    -1.072               3.456
  4553.250      24.1     8.353    -2.547
  4553.252      26.1     6.226    -3.275
  4553.276     607.0     1.485    -4.067               7.650
  4553.288     607.0     0.529    -4.159               7.650
  4553.298 106.00113     2.037    -1.682               3.456
  4553.317      42.0     2.646    -1.643
  4553.325 106.00112     2.906    -2.379               3.456
  4553.329 106.00113     3.056    -1.114               3.456
  4553.331      27.0     3.170    -1.790
  4553.335      26.0     4.607    -3.521
  4553.341 106.00112     3.648    -4.190               3.456
  4553.344      26.0     5.012    -3.00
  4553.362 106.00112     2.905    -2.389               3.456
  4553.390      22.0     3.062    -0.90
  4553.432     607.0     0.717    -2.080               7.650
  4553.468      23.0     2.723    -2.747
  4553.483      26.0     3.071    -4.80
  4553.493     607.0     0.717    -2.094               7.650
  4553.501 106.00113     3.218    -1.355               3.456
  4553.571 106.00112     3.174    -4.123               3.456
  4553.586      70.1     3.789    -1.100
  4553.623      24.0     3.845    -3.951
  4553.656 106.00112     3.175    -1.096               3.456
  4553.677      73.0     1.394    -1.580
  4553.681 106.00113     2.636    -1.267               3.456
  4553.721 106.00112     3.174    -1.106               3.456
  4553.760 106.00113     2.283    -1.434               3.456
  4553.763     607.0     1.535    -3.788               7.650
  4553.765      69.1     4.265    -1.680
  4553.796      42.0     3.156    -1.155
  4553.827      41.0     0.740    -1.170
  4553.852      92.1     0.113    -2.384
  4553.866 106.00113     3.280    -4.014               3.456
  4553.924 106.00113     2.283    -1.449               3.456
  4553.934      40.1     2.418     -0.57                                        
  4553.972 106.00113     1.647    -4.492               3.456
  4553.979      69.1     4.266    -2.350
  4554.001   56.1137     0.000    -0.636                                 GALLAG 
  4554.002   56.1137     0.000    -0.636                                 GALLAG 
  4554.002   56.1137     0.000    -1.033                                 GALLAG 
  4554.003   56.1135     0.000    -0.636                                 GALLAG 
  4554.004   56.1135     0.000    -0.636                                 GALLAG 
  4554.004   56.1135     0.000    -1.033                                 GALLAG 
  4554.011      24.0     4.096    -0.0
  4554.032 106.00113     2.037    -3.994               3.456
  4554.034   56.1134     0.000     0.170                                 GALLAG 
  4554.034   56.1136     0.000     0.170                                 GALLAG 
  4554.036   56.1138     0.000     0.170                                 GALLAG 
  4554.050   56.1135     0.000    -0.189                                 GALLAG 
  4554.053   56.1135     0.000    -0.636                                 GALLAG 
  4554.053   56.1137     0.000    -0.189                                 GALLAG 
  4554.054   56.1135     0.000    -1.337                                 GALLAG 
  4554.056   56.1137     0.000    -0.636                                 GALLAG 
  4554.057   56.1137     0.000    -1.337                                 GALLAG 
  4554.065      23.0     2.678    -1.40
  4554.073 106.00112     1.657    -4.624               3.456
  4554.080 106.00112     3.056    -1.125               3.456
  4554.092      74.1     2.790    -1.820
  4554.100 106.00112     1.852    -2.596               3.456
  4554.103     607.0     0.798    -1.990               7.650
  4554.125 106.00113     2.723    -2.409               3.456
  4554.138     607.0     0.798    -2.019               7.650
  4554.159     607.0     0.798    -4.657               7.650
  4554.185 106.00112     1.852    -2.609               3.456
  4554.189     607.0     0.455    -3.954               7.650
  4554.190 106.00112     2.543    -2.420               3.456
  4554.212 106.00112     3.056    -4.090               3.456
  4554.241 106.00112     3.056    -4.215               3.456
  4554.241 106.00112     2.543    -2.431               3.456
  4554.295      21.0     3.172    -2.006
  4554.308 106.00113     2.723    -2.399               3.456
  4554.318 106.00112     3.460    -2.031               3.456
  4554.370      24.0     4.468    -2.152
  4554.374 106.00112     3.056    -1.114               3.456
  4554.385 106.00112     0.728    -2.699               3.456
  4554.395 106.00112     0.728    -3.918               3.456
  4554.436      62.1     0.104    -1.250
  4554.451      26.0     2.865    -2.95
  4554.490 106.00112     3.460    -4.930               3.456
  4554.517      44.0     0.811     0.070
  4554.532 106.00113     2.979    -4.090               3.456
  4554.544      23.0     2.616    -3.546
  4554.544 106.00112     2.941    -4.095               3.456
  4554.545      58.1     0.495     -1.33                                 LAWLER 
  4554.565      27.0     4.058    -2.006
  4554.588      24.1     8.355    -4.464
  4554.588     607.0     0.441    -4.910               7.650
  4554.594 106.00112     2.037    -1.702               3.456
  4554.597      78.0     2.302    -2.780
  4554.598     607.0     0.545    -4.164               7.650
  4554.638 106.00112     2.636    -1.255               3.456
  4554.654 106.00112     2.037    -3.994               3.456
  4554.661      24.1     5.493    -4.074
  4554.680      24.0     3.087    -2.778
  4554.688 106.00112     2.941    -0.983               3.456
  4554.688 106.00113     2.814    -2.399               3.456
  4554.708 106.00112     3.460    -2.022               3.456
  4554.740     607.0     1.485    -4.061               7.650
  4554.760 106.00112     2.037    -1.682               3.456
  4554.797 106.00112     0.729    -9.99                3.456
  4554.808 106.00113     2.633    -2.420               3.456
  4554.820      24.0     3.113    -1.30
  4554.822      23.0     1.853    -3.568
  4554.837 106.00112     2.941    -0.994               3.456
  4554.858      23.0     2.723    -4.971
  4554.881 106.00112     2.979    -4.090               3.456
  4554.881      27.1     8.736    -4.576
  4554.885 106.00113     2.814    -2.389               3.456
  4554.887      24.0     3.122    -3.212
  4554.910      60.1     0.380     -2.42                                 LAWLER 
  4554.912 106.00112     2.636    -4.014               3.456
  4554.914 106.00112     1.647    -4.492               3.456
  4554.918     607.0     1.535    -1.749               7.650
  4554.924 106.00113     2.941    -0.983               3.456
  4554.943 106.00113     3.648    -4.190               3.456
  4554.976 106.00113     2.633    -2.409               3.456
  4554.980 106.00112     2.941    -4.095               3.456
  4554.988      64.1     1.339    -1.098
  4554.988      24.1     4.071    -1.370
  4555.010      66.0     1.251    -1.320
  4555.013 106.00112     2.979    -1.386               3.456
  4555.018     607.0     1.535    -1.755               7.650
  4555.020 106.00113     2.941    -0.994               3.456
  4555.036 106.00113     3.056    -4.090               3.456
  4555.038      23.1     6.072    -4.389
  4555.049     607.0     1.357    -4.402               7.650
  4555.068      22.0     2.408    -0.913
  4555.080 106.00112     2.636    -1.267               3.456
  4555.082      24.0     3.104    -1.30
  4555.087      92.1     1.041    -0.650
  4555.095     607.0     0.469    -3.954               7.650
  4555.121      40.0     1.549     -0.21                                        
  4555.134 106.00113     3.174    -4.123               3.456
  4555.137      60.1     0.559     -1.42                                        
  4555.161 106.00112     2.979    -1.397               3.456
  4555.202      22.0     3.334    -3.303
  4555.215 106.00112     2.283    -1.434               3.456
  4555.220      66.0     0.938    -1.040
  4555.230      69.1     3.934    -0.470
  4555.248 106.00112     3.667    -4.534               3.456
  4555.256 106.00113     3.373    -4.930               3.456
  4555.274      69.1     2.734    -1.280
  4555.280    55.0       0.000    -1.640
  4555.285 106.00113     2.283    -3.971               3.456
  4555.288      24.0     3.435    -1.200
  4555.333 106.00112     2.283    -1.449               3.456
  4555.362      23.0     1.893    -1.354
  4555.387 106.00113     1.916    -1.971               3.456
  4555.394      24.0     3.556    -2.731
  4555.414 106.00112     2.283    -3.971               3.456
  4555.433      58.1     2.575      0.68                                        
  4555.441 106.00113     2.636    -4.014               3.456
  4555.444      26.1     9.639    -4.753
  4555.457      22.0     3.294    -2.822
  4555.462     607.0     0.547    -4.552               7.650
  4555.463     607.0     1.535    -3.780               7.650
  4555.480     607.0     0.791    -2.019               7.650
  4555.484    22.0       0.848    -0.488
  4555.489      27.1     7.985    -2.907
  4555.503     607.0     0.703    -2.094               7.650
  4555.509     607.0     0.665    -4.796               7.650
  4555.511     607.0     0.791    -2.050               7.650
  4555.520      40.0     1.581     -0.32                                        
  4555.526 106.00113     1.916    -1.965               3.456
  4555.531     607.0     0.791    -4.627               7.650
  4555.563     607.0     0.703    -2.108               7.650
  4555.588      23.0     2.743    -2.241
  4555.608      58.1     0.792     -1.48                                 LAWLER 
  4555.617      23.1     6.679    -3.714
  4555.638 106.00113     3.460    -2.031               3.456
  4555.653      24.1     8.415    -2.757
  4555.673 106.00113     1.852    -2.609               3.456
  4555.697      68.0     1.333    -0.203
  4555.712     607.0     0.404    -4.359               7.650
  4555.748      26.0     3.274    -3.60
  4555.751      26.1     7.727    -4.795
  4555.775 106.00113     1.852    -2.596               3.456
  4555.813      90.0     0.479    -1.284
  4555.869 106.00113     3.221    -4.215               3.456
  4555.887 106.00113     1.916    -3.867               3.456
  4555.888    26.1       2.828    -2.60
  4555.906      24.1     8.356    -3.390
  4555.909      70.1     5.073    -3.010
  4555.962 106.00113     3.059    -4.215               3.456
  4555.968      26.0     4.559    -2.287
  4556.046      42.0     3.168    -2.289
  4556.066      44.0     1.461    -2.530
  4556.087      26.0     2.949    -2.758
  4556.104      26.0     3.943    -3.703
  4556.126    26.0       3.600    -0.787
  4556.130      60.1     0.064     -1.44                                 LAWLER 
  4556.132 106.00113     2.039    -1.682               3.456
  4556.136 106.00113     3.460    -2.022               3.456
  4556.143     607.0     0.416    -4.348               7.650
  4556.155      24.1     8.415    -3.191
  4556.167      24.0     3.113    -0.780
  4556.206      58.1     2.006     -0.33                                        
  4556.222      25.0     4.660    -3.976
  4556.226 106.00113     2.039    -1.702               3.456
  4556.234 106.00113     0.994    -2.382               3.456
  4556.282      22.0     2.662    -3.756
  4556.303      23.1     6.334    -4.439
  4556.330      73.0     1.394    -1.310
  4556.350      25.1     5.548    -3.580
  4556.361      24.0     3.113    -3.540
  4556.392      26.1     7.693    -1.70
  4556.494      27.0     4.147    -3.435
  4556.496      62.1     0.998    -0.80
  4556.531 106.00113     0.994    -2.393               3.456
  4556.538      24.0     3.966    -2.619
  4556.548 106.00112     2.998    -2.369               3.456
  4556.577 106.00113     2.979    -1.386               3.456
  4556.581 106.00112     2.998    -2.379               3.456
  4556.589 106.00113     2.979    -1.397               3.456
  4556.610 106.00113     2.543    -2.431               3.456
  4556.627      62.0     0.388    -0.728
  4556.631 106.00113     2.905    -2.389               3.456
  4556.673      69.1     3.255     0.069
  4556.682      24.0     3.395    -4.238
  4556.698      69.1     3.331    -1.150
  4556.712 106.00113     0.994    -4.393               3.456
  4556.730 106.00113     3.111    -2.145               3.456
  4556.730      60.1     0.182     -1.35                                 LAWLER 
  4556.737      23.0     2.684    -2.941
  4556.751      23.1     3.758    -2.027
  4556.772 106.00113     2.543    -2.420               3.456
  4556.811      74.0     2.967    -0.370
  4556.819     607.0     0.785    -2.050               7.650
  4556.838 106.00113     2.906    -2.379               3.456
  4556.851      38.1     6.612     -3.23                                        
  4556.854     607.0     0.785    -2.084               7.650
  4556.859     607.0     1.357    -4.397               7.650
  4556.861      74.0     3.453    -0.570
  4556.872     607.0     0.785    -4.595               7.650
  4556.876 106.00112     1.916    -1.971               3.456
  4556.880      41.0     0.620    -1.720
  4556.924      26.0     3.251    -2.70
  4556.932 106.00113     3.111    -2.134               3.456
  4556.934 106.00112     1.916    -3.867               3.456
  4556.934      24.0     3.195    -1.593
  4556.938 106.00112     3.221    -4.215               3.456
  4556.978     607.0     1.505    -1.755               7.650
  4556.979     607.0     1.418    -3.524               7.650
  4557.009 106.00113     3.373    -2.393               3.456
  4557.015 106.00113     1.917    -1.971               3.456
  4557.031      24.0     3.092    -4.864
  4557.032 106.00113     1.917    -1.965               3.456
  4557.032 106.00113     1.654    -4.573               3.456
  4557.056 106.00112     1.916    -1.965               3.456
  4557.079 106.00113     2.039    -3.994               3.456
  4557.080     607.0     1.505    -1.762               7.650
  4557.098 106.00112     3.221    -1.355               3.456
  4557.106 106.00112     2.726    -2.399               3.456
  4557.131      23.0     1.860    -2.528
  4557.155      24.0     4.389    -3.607
  4557.173 106.00113     3.493    -0.984               3.456
  4557.185      26.0     4.076    -4.138
  4557.202 106.00113     3.374    -2.403               3.456
  4557.204 106.00112     2.455    -2.430               3.456
  4557.225      21.0     2.608    -9.99 
  4557.231      24.1     8.416    -3.697
  4557.235 106.00113     2.941    -4.095               3.456
  4557.251      22.0     2.506    -3.570
  4557.254 106.00112     3.221    -1.365               3.456
  4557.262 106.00112     2.455    -2.442               3.456
  4557.264      27.0     4.021    -0.30
  4557.280      26.0     5.30     -0.85
  4557.347     607.0     0.545    -4.146               7.650
  4557.372 106.00113     0.838    -4.155               3.456
  4557.510     607.0     0.547    -4.542               7.650
  4557.516 106.00113     1.917    -3.867               3.456
  4557.524      23.0     2.505    -2.545
  4557.534     607.0     0.690    -2.108               7.650
  4557.549 106.00113     0.838    -2.198               3.456
  4557.553 106.00112     2.727    -2.409               3.456
  4557.559      26.0     4.991    -2.80
  4557.578 106.00112     2.817    -2.389               3.456
  4557.593     607.0     0.690    -2.123               7.650
  4557.597 106.00112     2.039    -1.682               3.456
  4557.630      69.0     1.627    -1.430
  4557.642 106.00112     2.039    -1.702               3.456
  4557.649 106.00113     3.373    -1.774               3.456
  4557.688      27.1     8.702    -4.088
  4557.703 106.00112     2.039    -3.994               3.456
  4557.709 106.00113     0.838    -2.160               3.456
  4557.749      26.0     4.446    -2.40
  4557.782 106.00113     1.649    -4.492               3.456
  4557.827      21.0     1.851    -1.266
  4557.850      27.0     3.629    -1.102
  4557.852      22.0     2.472    -0.90
  4557.867 106.00112     2.636    -2.409               3.456
  4557.871      24.1     8.350    -3.672
  4557.888 106.00113     0.838    -4.151               3.456
  4557.929      70.1     4.443    -2.840
  4557.952 106.00113     3.059    -1.114               3.456
  4557.955      22.0     2.472    -2.00
  4557.962      40.0     1.395     -1.01                                        
  4557.981 106.00113     3.373    -1.764               3.456
  4558.029 106.00112     2.818    -2.399               3.456
  4558.048 106.00112     3.493    -4.050               3.456
  4558.052 106.00112     1.654    -4.573               3.456
  4558.066 106.00113     3.648    -1.081               3.456
  4558.068      58.1     0.896     -1.82                                 LAWLER 
  4558.080      64.1     0.499    -1.190
  4558.089 106.00112     3.373    -1.206               3.456
  4558.104      42.0     1.360    -1.973
  4558.106      26.0     3.642    -2.50
  4558.108      26.0     3.984    -2.813
  4558.111      22.0     2.345    -0.904
  4558.120     607.0     0.780    -2.084               7.650
  4558.129 106.00113     3.059    -1.125               3.456
  4558.133      22.0     2.345    -9.99
  4558.149     607.0     0.780    -2.120               7.650
  4558.150      66.1     2.109    -0.970
  4558.166     607.0     0.780    -4.560               7.650
  4558.177     607.0     0.469    -3.938               7.650
  4558.183      22.1     5.663    -1.850
  4558.193 106.00112     3.493    -0.984               3.456
  4558.203 106.00113     3.221    -1.355               3.456
  4558.218      26.0     4.283    -2.30
  4558.233      23.1     5.879    -3.939
  4558.257 106.00113     3.221    -1.365               3.456
  4558.259      70.1     5.450    -2.780
  4558.260 106.00112     3.373    -4.095               3.456
  4558.265      69.1     4.706    -3.050
  4558.280      24.0     4.099    -1.594
  4558.287      25.0     4.425    -3.696
  4558.307 106.00112     2.636    -2.420               3.456
  4558.309      24.1     8.356    -1.272
  4558.327     607.0     1.308    -3.865               7.650
  4558.345 106.00113     3.648    -1.072               3.456
  4558.411      25.1     5.548    -3.354
  4558.426 106.00113     2.589    -4.090               3.456
  4558.445   57.1139     0.321    -1.572                                 LAWLER 
  4558.452   57.1139     0.321    -1.743                                 LAWLER 
  4558.452   57.1139     0.321    -2.312                                 LAWLER 
  4558.453      23.1     3.803    -0.927
  4558.458   57.1139     0.321    -2.130                                 LAWLER 
  4558.458   57.1139     0.321    -3.312                                 LAWLER 
  4558.459   57.1139     0.321    -1.950                                 LAWLER 
  4558.464   57.1139     0.321    -2.096                                 LAWLER 
  4558.464   57.1139     0.321    -2.221                                 LAWLER 
  4558.464   57.1139     0.321    -2.894                                 LAWLER 
  4558.465 106.00112     3.373    -1.197               3.456
  4558.468   57.1139     0.321    -2.155                                 LAWLER 
  4558.468   57.1139     0.321    -2.660                                 LAWLER 
  4558.469   57.1139     0.321    -2.639                                 LAWLER 
  4558.471   57.1139     0.321    -2.338                                 LAWLER 
  4558.471   57.1139     0.321    -2.514                                 LAWLER 
  4558.473   57.1139     0.321    -2.417                                 LAWLER 
  4558.486      27.1     7.894    -4.382
  4558.505 106.00112     1.917    -1.971               3.456
  4558.510      22.0     3.305    -2.759
  4558.548      24.1     9.684    -4.259
  4558.563 106.00112     1.917    -3.867               3.456
  4558.563 106.00112     1.917    -1.965               3.456
  4558.598      58.1     0.608     -0.98                                 LAWLER 
  4558.623      27.0     3.732    -2.412
  4558.650      24.1     4.073    -0.50
  4558.687      24.0     4.778    -1.892
  4558.697     607.0     0.461    -4.906               7.650
  4558.701      26.0     4.435    -4.138
  4558.717      27.0     3.629    -2.812
  4558.725 106.00112     1.649    -4.492               3.456
  4558.730      24.0     4.389    -1.212
  4558.742      42.0     2.499    -1.715
  4558.773      21.0     3.172    -3.190
  4558.780      28.0     4.538    -2.983
  4558.783      24.1     4.074    -2.741
  4558.804 106.00113     3.464    -4.930               3.456
  4558.810      69.1     2.185    -2.490
  4558.839 106.00113     3.373    -4.095               3.456
  4558.841     607.0     1.418    -3.517               7.650
  4558.842     607.0     0.561    -4.151               7.650
  4558.846 106.00112     0.994    -2.393               3.456
  4558.848      24.1     8.503    -3.137
  4558.867 106.00112     3.059    -4.215               3.456
  4558.958 106.00112     3.373    -1.774               3.456
  4558.962      74.0     2.242    -1.080
  4558.996     607.0     1.476    -1.762               7.650
  4559.000 106.00112     3.059    -1.114               3.456
  4559.004 106.00113     3.111    -4.930               3.456
  4559.008 106.00112     0.994    -4.393               3.456
  4559.015     607.0     1.304    -1.486               7.650
  4559.018      25.0     4.332    -4.207
  4559.029      69.1     2.766    -2.080
  4559.041 106.00112     0.994    -2.382               3.456
  4559.079      26.0     4.387    -3.80
  4559.085      27.0     4.110    -3.155
  4559.097     607.0     1.476    -1.768               7.650
  4559.106      74.0     1.857    -1.460
  4559.114     607.0     1.304    -1.494               7.650
  4559.124      27.0     2.718    -4.598
  4559.128 106.00112     3.373    -4.930               3.456
  4559.131 106.00112     1.855    -2.596               3.456
  4559.151 106.00112     3.373    -4.930               3.456
  4559.160 106.00112     3.059    -1.125               3.456
  4559.162      25.0     3.072    -4.170
  4559.172 106.00112     3.111    -2.145               3.456
  4559.197      69.1     3.936    -2.590
  4559.224      69.1     4.355    -1.310
  4559.236      22.0     3.112    -3.763
  4559.243      58.1     0.932     -1.84                                 LAWLER 
  4559.257      27.0     2.874    -3.251
  4559.260      75.0     1.955    -1.520
  4559.282      57.1     0.772     -1.31                                        
  4559.293 106.00112     3.059    -4.090               3.456
  4559.301      27.1     5.175    -2.719
  4559.308     607.0     0.483    -3.938               7.650
  4559.322 106.00112     3.373    -1.764               3.456
  4559.324 106.00112     3.111    -4.930               3.456
  4559.341      27.1     5.467    -2.047
  4559.357      25.0     3.072    -4.356
  4559.368 106.00112     3.373    -2.393               3.456
  4559.369      39.0     1.886     -0.30                                        
  4559.371      22.0     2.495    -2.379
  4559.377     607.0     0.775    -2.120               7.650
  4559.404     607.0     0.775    -2.160               7.650
  4559.413 106.00112     2.909    -2.379               3.456
  4559.419     607.0     0.775    -4.522               7.650
  4559.428 106.00113     2.455    -2.442               3.456
  4559.465      73.0     1.595    -1.470
  4559.478 106.00112     3.374    -2.403               3.456
  4559.478 106.00112     3.111    -2.134               3.456
  4559.510      60.1     0.822     -1.49                                 LAWLER 
  4559.521 106.00112     1.856    -2.609               3.456
  4559.527     607.0     0.677    -2.123               7.650
  4559.546      27.0     4.021    -2.886
  4559.554      26.1     7.804    -2.447
  4559.576 106.00113     2.455    -2.430               3.456
  4559.578      69.1     4.288    -3.480
  4559.580      66.0     1.056    -1.960
  4559.583     607.0     0.677    -2.139               7.650
  4559.622      64.0     1.767    -0.096
  4559.656      60.0     0.293      0.07                                        
  4559.661 106.00113     2.589    -1.203               3.456
  4559.673      21.0     5.011    -3.347
  4559.742 106.00112     2.547    -2.420               3.456
  4559.787      28.0     4.538    -4.065
  4559.815     607.0     0.416    -4.339               7.650
  4559.831      27.1     3.485    -3.555
  4559.831 106.00113     1.656    -4.573               3.456
  4559.840      21.1     7.877    -4.513
  4559.858      27.0     4.175    -2.956
  4559.873 106.00112     2.909    -2.389               3.456
  4559.896 106.00113     2.589    -1.189               3.456
  4559.917 106.00113     3.179    -1.096               3.456
  4559.918      22.0     1.460    -1.025
  4559.921      28.0     3.539    -2.00
  4559.944      42.0     3.438    -1.495
  4559.992      44.0     1.131    -1.560
  4559.998      24.0     4.186    -0.817
  4560.000      70.1     6.660    -1.900
  4560.023      70.1     8.405    -1.480
  4560.030      26.0     2.728    -4.952
  4560.061     607.0     1.655    -4.330               7.650
  4560.068      42.0     2.918    -1.956
  4560.088      26.0     3.602    -1.80
  4560.093      27.1     8.061    -1.685
  4560.100 106.00113     2.998    -2.379               3.456
  4560.118 106.00113     3.059    -4.090               3.456
  4560.130      42.0     3.179    -0.760
  4560.141 106.00113     2.726    -2.399               3.456
  4560.172 106.00112     3.464    -4.930               3.456
  4560.172 106.00112     2.547    -2.431               3.456
  4560.183 106.00112     2.589    -1.203               3.456
  4560.193      21.0     3.172    -3.687
  4560.221     607.0     1.282    -1.494               7.650
  4560.241 106.00112     0.838    -2.198               3.456
  4560.250      24.0     3.422    -2.891
  4560.262 106.00112     0.838    -4.151               3.456
  4560.262      26.0     2.832    -4.80
  4560.272 106.00112     2.589    -4.090               3.456
  4560.280      58.1     0.909      0.18                                 LAWLER 
  4560.308 106.00112     2.589    -4.090               3.456
  4560.310     607.0     1.308    -3.860               7.650
  4560.320 106.00113     2.998    -2.369               3.456
  4560.321     607.0     1.282    -1.504               7.650
  4560.332      69.1     4.692    -2.500
  4560.356 106.00112     3.652    -1.072               3.456
  4560.360 106.00113     2.727    -2.409               3.456
  4560.376 106.00113     3.179    -1.106               3.456
  4560.378 106.00113     3.373    -4.930               3.456
  4560.391 106.00112     3.464    -2.022               3.456
  4560.397 106.00112     2.589    -1.189               3.456
  4560.403 106.00112     0.838    -4.155               3.456
  4560.411      60.0     0.140     -0.58                                        
  4560.416      62.1     0.040    -1.10
  4560.424 106.00112     0.838    -9.99               3.456
  4560.430 106.00113     3.672    -4.534               3.456
  4560.447      22.0     3.323    -2.487
  4560.478 106.00112     3.652    -4.190               3.456
  4560.484     607.0     0.428    -4.329               7.650
  4560.489      24.0     2.544    -3.00
  4560.512 106.00112     3.464    -2.031               3.456
  4560.582      22.0     3.323    -3.411
  4560.611     607.0     0.770    -2.160               7.650
  4560.614     607.0     0.770    -2.204               7.650
  4560.626 106.00113     0.709    -4.708               3.456
  4560.628     607.0     0.770    -4.480               7.650
  4560.653 106.00113     3.493    -4.050               3.456
  4560.655      24.0     3.551    -2.847
  4560.674 106.00113     2.636    -2.409               3.456
  4560.675      26.1     7.118    -4.278
  4560.718      23.0     1.950     0.20
  4560.794 106.00112     3.652    -1.081               3.456
  4560.809 106.00113     1.855    -2.596               3.456
  4560.835      24.0     4.855    -2.578
  4560.838      24.1     8.380    -4.059
  4560.841      69.1     3.379    -1.210
  4560.853 106.00112     1.656    -4.573               3.456
  4560.853 106.00113     2.817    -2.389               3.456
  4560.866      26.0     4.607    -1.60
  4560.884      45.0     1.998    -1.620
  4560.888 106.00113     3.376    -4.930               3.456
  4560.894 106.00113     2.636    -2.420               3.456
  4560.951      27.0     2.787    -3.295
  4560.958      58.1     0.683     -0.26                                 LAWLER 
  4560.970     607.0     1.447    -1.768               7.650
  4560.978      25.0     3.073    -3.947
  4561.013 106.00113     1.856    -2.609               3.456
  4561.050      69.1     3.715    -1.730
  4561.065 106.00113     2.818    -2.399               3.456
  4561.078     607.0     1.447    -1.775               7.650
  4561.087      64.0     2.080     0.434
  4561.106      59.1     0.968    -1.780
  4561.117     607.0     1.260    -1.504               7.650
  4561.127 106.00112     2.368    -2.441               3.456
  4561.132 106.00113     2.589    -4.090               3.456
  4561.170      60.1     0.000     -1.65                                 LAWLER 
  4561.173      25.0     3.073    -3.479
  4561.177      62.1     0.434    -2.154
  4561.186 106.00112     2.368    -2.453               3.456
  4561.188      27.0     3.952    -2.767
  4561.195      69.1     3.186    -1.650
  4561.198      26.0     4.320    -2.40
  4561.213      24.0     2.544    -4.288
  4561.238 106.00113     3.373    -1.206               3.456
  4561.250 106.00112     3.179    -1.096               3.456
  4561.259      27.0     3.952    -1.842
  4561.275 106.00113     2.723    -1.242               3.456
  4561.340      28.1     9.897    -2.919
  4561.348      90.0     0.903    -0.868
  4561.361 106.00113     2.723    -1.254               3.456
  4561.367      21.0     1.865    -0.813
  4561.393      12.0     4.346    -3.00
  4561.400      23.1     3.123    -4.478
  4561.414      26.0     4.415    -9.99
  4561.424      26.0     4.559    -4.729
  4561.429      21.1     7.877    -4.882
  4561.430      26.0     2.759    -3.30
  4561.433      24.0     3.435    -2.416
  4561.454 106.00112     3.090    -2.360               3.456
  4561.456 106.00113     2.359    -1.433               3.456
  4561.477      73.0     0.249    -2.840
  4561.479     607.0     0.664    -2.30                7.650
  4561.481 106.00112     3.090    -2.369               3.456
  4561.509      24.0     4.096    -1.40
  4561.523      24.0     4.613    -1.493
  4561.531     607.0     0.561    -4.134               7.650
  4561.534     607.0     0.664    -2.155               7.650
  4561.546 106.00112     3.179    -4.123               3.456
  4561.569      23.0     1.893    -1.588
  4561.608 106.00113     2.359    -1.419               3.456
  4561.678     607.0     1.655    -4.324               7.650
  4561.696 106.00112     3.179    -1.106               3.456
  4561.732      26.0     4.559    -2.30
  4561.769     607.0     1.260    -1.513               7.650
  4561.782     607.0     0.766    -2.204               7.650
  4561.785     607.0     0.766    -2.252               7.650
  4561.798     607.0     0.766    -4.434               7.650
  4561.821 106.00113     3.373    -1.197               3.456
  4561.823 106.00113     3.464    -2.022               3.456
  4561.835 106.00113     3.464    -2.031               3.456
  4561.840      60.0     0.456     -0.15                                        
  4561.847      26.0     4.283    -4.979
  4561.858      69.1     1.087    -2.200
  4561.881      28.1     6.871    -3.758
  4561.943      27.0     2.630    -2.30
  4562.023      22.1     5.692    -1.780
  4562.061      24.0     3.435    -2.912
  4562.066     607.0     0.570    -4.542               7.650
  4562.075      23.1     3.753    -4.720
  4562.085 106.00113     3.652    -4.190               3.456
  4562.089 106.00113     2.279    -2.726               3.456
  4562.137 106.00113     0.751    -2.631               3.456
  4562.185      70.1     5.510    -3.410
  4562.232      28.0     3.399    -2.964
  4562.240      65.1     0.891    -0.910
  4562.240     607.0     0.689    -4.788               7.650
  4562.256 106.00113     2.279    -2.707               3.456
  4562.299     607.0     0.483    -3.923               7.650
  4562.322      23.0     1.804    -2.493
  4562.331 106.00113     2.547    -2.420               3.456
  4562.335 106.00113     0.751    -3.982               3.456
  4562.359      58.1     0.477      0.21                                 LAWLER 
  4562.381 106.00113     3.114    -2.134               3.456
  4562.440      70.1     8.206    -0.840
  4562.443 106.00113     0.751    -2.559               3.456
  4562.512      67.0     1.045    -0.030
  4562.520 106.00113     2.591    -4.090               3.456
  4562.528 106.00113     1.758    -4.705               3.456
  4562.530 106.00112     3.300    -4.693               3.456
  4562.547 106.00113     2.547    -2.431               3.456
  4562.595      44.0     1.866    -1.800
  4562.616 106.00112     2.458    -2.430               3.456
  4562.626    22.0       0.021    -2.594
  4562.632 106.00112     2.723    -4.014               3.456
  4562.643 106.00113     3.114    -2.145               3.456
  4562.670      23.1     3.123    -4.191
  4562.682     607.0     1.239    -1.513               7.650
  4562.695     607.0     0.461    -4.900               7.650
  4562.734     607.0     1.239    -1.522               7.650
  4562.751 106.00112     2.723    -1.242               3.456
  4562.772 106.00112     3.001    -2.369               3.456
  4562.801 106.00112     2.723    -1.254               3.456
  4562.816      26.0     4.733    -3.10
  4562.829     607.0     1.566    -3.782               7.650
  4562.897      27.1     8.536    -4.020
  4562.901 106.00113     2.359    -3.971               3.456
  4562.915     607.0     1.418    -1.775               7.650
  4562.916 106.00112     2.359    -1.433               3.456
  4562.916     607.0     0.763    -2.252               7.650
  4562.919     607.0     0.763    -2.307               7.650
  4562.929     607.0     0.763    -4.383               7.650
  4562.937 106.00113     2.909    -2.379               3.456
  4562.972      25.0     5.112    -4.206
  4563.001 106.00112     2.359    -3.971               3.456
  4563.009      69.1     4.235    -1.870
  4563.018      27.0     3.971    -2.908
  4563.019     607.0     1.418    -1.782               7.650
  4563.041 106.00112     2.458    -2.442               3.456
  4563.076      23.0     2.684    -2.533
  4563.097      21.1     7.866    -1.874
  4563.114 106.00113     3.179    -4.123               3.456
  4563.116 106.00112     2.359    -1.419               3.456
  4563.127      26.1     7.806    -2.389
  4563.151 106.00113     2.909    -2.389               3.456
  4563.153      59.1     0.216    -0.873
  4563.157 106.00112     2.279    -2.726               3.456
  4563.157 106.00113     2.368    -2.453               3.456
  4563.164     607.0     1.596    -4.883               7.650
  4563.169      26.1     8.214    -4.707
  4563.178     8.1      26.225    -2.047
  4563.220      60.1     0.182     -0.88                                 LAWLER 
  4563.224 106.00113     2.723    -4.014               3.456
  4563.232 106.00112     3.002    -2.379               3.456
  4563.236     607.0     0.578    -4.139               7.650
  4563.244      24.0     3.850    -0.80
  4563.259      68.1     1.402    -0.728
  4563.275      20.0     4.430    -2.347
  4563.284      25.0     3.075    -3.884
  4563.291      90.1     2.333    -0.212
  4563.297 106.00113     2.368    -2.441               3.456
  4563.324 106.00112     2.279    -2.707               3.456
  4563.351 106.00112     0.709    -4.708               3.456
  4563.351 106.00113     1.720    -4.492               3.456
  4563.355      27.1     8.562    -3.262
  4563.361      58.1     0.792     -1.48                                        
  4563.393     607.0     0.652    -2.155               7.650
  4563.409      24.0     2.987    -1.920
  4563.422      27.0     4.049    -2.885
  4563.424      22.0     2.427    -0.40
  4563.446     607.0     0.652    -2.172               7.650
  4563.520 106.00113     1.758    -4.705               3.456
  4563.586      74.0     2.458    -0.570
  4563.620 106.00113     3.376    -1.764               3.456
  4563.630      69.0     2.201    -1.570
  4563.648      24.0     3.092    -1.300
  4563.650     607.0     0.498    -3.923               7.650
  4563.661      90.0     1.006    -1.010
  4563.664      25.0     3.075    -3.481
  4563.670      70.1     6.651    -1.610
  4563.680      65.1     1.104    -0.490
  4563.702      26.0     4.549    -4.417
  4563.749 106.00113     1.703    -4.634               3.456
  4563.751     607.0     1.218    -1.522               7.650
  4563.757      22.1     1.221    -0.690
  4563.791 106.00113     3.376    -1.774               3.456
  4563.816     607.0     1.518    -4.061               7.650
  4563.823     607.0     1.218    -1.532               7.650
  4563.866 106.00112     1.758    -4.705               3.456
  4563.876      27.0     3.632    -1.732
  4563.883      26.0     4.549    -1.763
  4563.899 106.00112     3.376    -4.095               3.456
  4563.934      25.0     3.075    -3.615
  4563.941      21.0     2.608    -1.526
  4563.945      92.0     1.628     0.137
  4563.961      70.0     2.444    -0.568
  4563.982      27.0     3.629    -1.421
  4563.993 106.00113     2.591    -1.189               3.456
  4564.013     607.0     0.759    -2.307               7.650
  4564.016     607.0     0.759    -2.370               7.650
  4564.024      26.1     8.035    -4.111
  4564.026     607.0     0.759    -4.324               7.650
  4564.031     607.0     0.428    -4.320               7.650
