Ba 4934 +/-10 A
  4924.115 106.00113     3.639    -2.064               3.456
  4924.115    16.1      13.617    -0.341
  4924.185      70.1     5.815    -2.040
  4924.214 106.00113     2.438    -2.557               3.456
  4924.234      28.1     6.646    -4.182
  4924.244      21.0     3.172    -3.385
  4924.246      70.1     7.211    -2.530
  4924.252      58.0     0.159     -0.70                                        
  4924.260 106.00113     2.438    -2.571               3.456
  4924.277 106.00112     3.639    -3.317               3.456
  4924.277 106.00113     1.841    -3.869               3.456
  4924.278      22.0     3.460    -3.794
  4924.301      26.0     4.796    -1.60
  4924.303      26.0     4.988    -4.579
  4924.345 106.00112     2.206    -2.603               3.456
  4924.387      23.1     8.157    -2.301
  4924.417     607.0     1.535    -3.016               7.650
  4924.422      90.1     0.510    -2.095
  4924.425 106.00112     1.725    -3.156               3.456
  4924.433 106.00113     2.283    -2.587               3.456
  4924.479      69.1     4.899    -3.620
  4924.503 106.00113     1.841    -3.869               3.456
  4924.504     607.0     1.620    -3.519               7.650
  4924.520 106.00112     1.725    -4.698               3.456
  4924.521      60.0     0.000      0.56                                        
  4924.531     8.1      26.305     0.074
  4924.582      28.0     3.597    -2.40
  4924.600      59.0     0.171     0.401
  4924.603     607.0     0.529    -3.377               7.650
  4924.620 106.00113     1.841    -4.550               3.456
  4924.639 106.00112     1.725    -3.129               3.456
  4924.646      92.1     0.703    -1.903
  4924.650      69.1     4.736    -2.710
  4924.653      69.1     4.096    -1.610
  4924.662     607.0     0.529    -4.857               7.650
  4924.682      26.0     4.593    -1.907
  4924.703      69.1     3.934    -0.930
  4924.734 106.00112     2.598    -2.624               3.456
  4924.746 106.00112     2.207    -2.619               3.456
  4924.770    26.0       2.277    -2.114
  4924.827      42.0     3.782    -0.711
  4924.840 106.00113     2.283    -2.602               3.456
  4924.845 106.00113     1.841    -4.550               3.456
  4924.850 106.00113     0.431    -3.517               3.456
  4924.857 106.00112     2.598    -2.639               3.456
  4924.896      58.0     0.773     -0.40                                        
  4924.898 106.00113     1.841    -3.755               3.456
  4924.921      26.1     2.844    -4.962
  4924.930    49.1      15.477    -0.790
  4924.947 106.00112     1.149    -2.857               3.456
  4924.952      22.1     5.569    -3.824
  4924.959      73.0     2.136    -1.430
  4924.966 106.00112     1.149    -2.878               3.456
  4924.988      27.0     4.025    -0.996
  4925.007      22.0     3.424    -3.836
  4925.017      25.0     2.888    -4.642
  4925.020      24.1     8.732    -2.579
  4925.022 106.00112     3.111    -3.363               3.456
  4925.032 106.00112     3.111    -3.373               3.456
  4925.054 106.00112     1.753    -2.889               3.456
  4925.063      20.0     5.181    -4.053
  4925.076 106.00112     1.221    -2.835               3.456
  4925.088 106.00113     1.841    -3.755               3.456
  4925.122 106.00112     1.753    -4.908               3.456
  4925.139     607.0     1.418    -2.632               7.650
  4925.145     607.0     0.614    -3.583               7.650
  4925.148 106.00113     2.120    -2.961               3.456
  4925.179      26.1     9.700    -4.709
  4925.226 106.00113     0.431    -4.719               3.456
  4925.227     607.0     1.418    -2.642               7.650
  4925.243 106.00112     3.201    -3.353               3.456
  4925.245      26.0     4.593    -3.510
  4925.255 106.00113     2.120    -2.998               3.456
  4925.258 106.00112     1.753    -2.887               3.456
  4925.283      26.0     4.103    -2.05
  4925.324     607.0     0.404    -4.883               7.650
  4925.338 106.00113     3.551    -3.317               3.456
  4925.347    16.1      13.584    -0.206
  4925.350 106.00112     1.221    -2.855               3.456
  4925.352 106.00113     0.431    -3.444               3.456
  4925.367 106.00113     0.431    -3.517               3.456
  4925.401      22.0     1.879    -1.10
  4925.408      21.0     5.328    -2.519
  4925.431     607.0     0.740    -4.194               7.650
  4925.457 106.00113     1.755    -2.889               3.456
  4925.469 106.00112     2.119    -2.961               3.456
  4925.486 106.00113     1.755    -2.887               3.456
  4925.493     107.0     3.175    -3.645               3.450
  4925.496      26.0     3.882    -4.408
  4925.512      23.0     2.074    -3.493
  4925.515 106.00113     3.551    -3.326               3.456
  4925.521      70.1     5.073    -2.750
  4925.551 106.00112     2.633    -3.811               3.456
  4925.559      28.0     3.655    -0.770
  4925.583 106.00113     3.289    -3.344               3.456
  4925.620     107.0     3.175    -3.645               3.450
  4925.626      69.1     4.324    -2.560
  4925.634 106.00112     2.633    -3.822               3.456
  4925.656      23.0     1.218    -0.90
  4925.669      22.0     3.113    -1.228
  4925.673      59.1     0.508    -1.365
  4925.673      24.1     8.525    -4.641
  4925.677 106.00112     2.119    -2.998               3.456
  4925.743 106.00113     0.431    -4.719               3.456
  4925.782 106.00113     3.289    -3.354               3.456
  4925.799 106.00112     3.202    -3.363               3.456
  4925.811 106.00113     0.432    -3.444               3.456
  4925.826      27.1     8.736    -3.979
  4925.991 106.00113     3.555    -2.389               3.456
  4926.000      73.0     0.752    -1.760
  4926.010 106.00113     3.555    -2.379               3.456
  4926.114 106.00112     2.438    -2.557               3.456
  4926.151    22.0       0.818    -2.171
  4926.168 106.00112     2.438    -2.571               3.456
  4926.171     607.0     1.620    -3.513               7.650
  4926.180      69.1     4.435    -0.900
  4926.185 106.00112     3.708    -2.448               3.456
  4926.187      24.1     8.356    -4.645
  4926.190      42.0     3.033    -1.009
  4926.200     607.0     1.691    -3.283               7.650
  4926.207      23.1     8.730    -3.085
  4926.211      23.1     6.529    -4.188
  4926.216 106.00113     1.082    -2.902               3.456
  4926.219 106.00113     1.755    -4.908               3.456
  4926.221 106.00113     1.082    -2.880               3.456
  4926.265     607.0     0.455    -4.559               7.650
  4926.316     607.0     0.455    -3.767               7.650
  4926.324     607.0     1.691    -4.787               7.650
  4926.330      21.0     3.172    -2.893
  4926.350 106.00112     2.283    -2.587               3.456
  4926.385     607.0     0.503    -4.308               7.650
  4926.409      26.0     4.607    -9.99
  4926.423      42.0     2.260    -1.721
  4926.423      23.0     2.130    -3.047
  4926.427       6.0     8.537    -1.974
  4926.437 106.00113     2.805    -3.264               3.456
  4926.486      26.0     4.652    -5.002
  4926.493 106.00113     1.151    -2.857               3.456
  4926.520 106.00112     1.841    -3.869               3.456
  4926.529 106.00113     1.806    -2.884               3.456
  4926.537 106.00112     2.805    -3.264               3.456
  4926.617 106.00112     0.680    -4.734               3.456
  4926.653      24.1     8.718    -2.738
  4926.687      21.0     3.189    -4.052
  4926.721 106.00112     3.708    -2.439               3.456
  4926.724 106.00113     1.806    -2.887               3.456
  4926.729 106.00113     1.151    -2.878               3.456
  4926.733 106.00112     1.841    -4.550               3.456
  4926.746 106.00112     1.841    -3.869               3.456
  4926.752      69.1     3.186    -1.470
  4926.765 106.00112     2.283    -2.602               3.456
  4926.777     607.0     1.469    -2.686               7.650
  4926.779 106.00112     2.805    -3.249               3.456
  4926.784 106.00113     3.094    -2.886               3.456
  4926.789      24.0     4.204    -3.528
  4926.789 106.00113     2.361    -2.572               3.456
  4926.793     607.0     1.418    -3.361               7.650
  4926.805      69.1     2.185    -3.660
  4926.816      26.0     3.634    -3.30
  4926.821 106.00113     2.805    -3.249               3.456
  4926.831      21.1     8.240    -1.794
  4926.850 106.00113     1.758    -3.122               3.456
  4926.854     607.0     1.309    -3.816               7.650
  4926.873     607.0     1.469    -4.533               7.650
  4926.901 106.00112     0.431    -3.517               3.456
  4926.913      25.0     4.354    -3.084
  4926.915     607.0     1.309    -2.864               7.650
  4926.937      23.1     1.817    -4.039
  4926.950      27.0     3.952    -3.312
  4926.959 106.00112     1.841    -4.550               3.456
  4926.964      23.1     2.370    -4.202
  4927.000      72.1     1.672    -2.230
  4927.003 106.00112     0.431    -4.719               3.456
  4927.005      68.1     2.155    -1.119
  4927.025 106.00112     0.873    -3.617               3.456
  4927.030 106.00113     3.094    -2.873               3.456
  4927.044      42.0     3.302    -1.880
  4927.085 106.00112     2.120    -2.961               3.456
  4927.112 106.00113     1.758    -3.102               3.456
  4927.161 106.00112     1.841    -3.755               3.456
  4927.163 106.00112     2.120    -2.998               3.456
  4927.202      69.1     4.723    -2.230
  4927.214 106.00112     0.873    -3.533               3.456
  4927.217 106.00113     2.362    -2.586               3.456
  4927.246      69.1     4.174    -2.080
  4927.311 106.00113     2.519    -2.542               3.456
  4927.323 106.00113     1.758    -4.758               3.456
  4927.331      68.1     2.972    -0.352
  4927.343 106.00113     1.806    -4.998               3.456
  4927.350 106.00112     1.841    -3.755               3.456
  4927.353 106.00113     2.519    -2.556               3.456
  4927.418      26.0     3.573    -2.00
  4927.418 106.00112     0.431    -3.517               3.456
  4927.418 106.00113     0.911    -3.533               3.456
  4927.423 106.00112     0.431    -3.444               3.456
  4927.436     607.0     0.632    -3.587               7.650
  4927.438 106.00112     3.555    -2.379               3.456
  4927.452 106.00112     3.555    -2.389               3.456
  4927.481 106.00113     3.708    -4.215               3.456
  4927.489 106.00112     1.755    -2.889               3.456
  4927.489      26.0     4.559    -2.183
  4927.506     607.0     0.632    -4.655               7.650
  4927.520 106.00112     0.431    -4.719               3.456
  4927.523 106.00112     1.755    -2.887               3.456
  4927.552 106.00112     0.680    -4.515               3.456
  4927.557 106.00112     1.755    -4.908               3.456
  4927.560      69.1     4.433    -2.100
  4927.581 106.00113     0.911    -3.449               3.456
  4927.582     607.0     1.710    -4.289               7.650
  4927.596      23.0     2.138    -2.087
  4927.610      26.0     3.415    -4.550
  4927.636      22.0     2.662    -3.071
  4927.667      26.0     4.608    -4.407
  4927.672     607.0     0.740    -4.184               7.650
  4927.684     607.0     0.469    -3.758               7.650
  4927.685     607.0     0.529    -4.852               7.650
  4927.716      26.0     4.796    -9.99
  4927.730      69.0     2.372    -0.620
  4927.744      23.0     2.115    -2.205
  4927.744     607.0     0.529    -3.364               7.650
  4927.781      90.0     1.022    -1.438
  4927.813      22.0     3.179    -2.178
  4927.870      26.0     4.20     -0.95
  4927.882 106.00112     0.432    -3.444               3.456
  4927.977      42.0     3.168    -2.261
  4927.989      24.0     5.255    -0.831
  4928.006 106.00113     1.758    -3.122               3.456
  4928.011 106.00112     3.221    -2.232               3.456
  4928.026     607.0     0.616    -3.946               7.650
  4928.052       6.0     8.537    -4.200
  4928.069 106.00113     2.160    -2.997               3.456
  4928.072      58.1     0.879     -1.30                                 LAWLER 
  4928.089      58.1     1.212     -1.27                                        
  4928.135 106.00113     0.458    -3.421               3.456
  4928.135      69.1     4.723    -1.610
  4928.157     607.0     1.691    -3.276               7.650
  4928.171 106.00113     1.758    -3.102               3.456
  4928.183      24.0     4.239    -1.135
  4928.188      70.1     7.321    -1.180
  4928.203 106.00112     3.221    -2.243               3.456
  4928.259      27.0     4.146    -4.463
  4928.273      27.0     3.216    -1.093
  4928.300      27.0     3.952    -1.774
  4928.300 106.00113     2.160    -3.050               3.456
  4928.307 106.00112     1.082    -2.880               3.456
  4928.314 106.00112     1.082    -2.902               3.456
  4928.336      22.0     2.154    -0.20
  4928.339      22.0     2.267    -0.929
  4928.397 106.00113     2.663    -2.624               3.456
  4928.407 106.00113     2.633    -3.822               3.456
  4928.409 106.00112     3.708    -1.308               3.456
  4928.447      92.0     0.530    -1.184
  4928.451     607.0     1.399    -2.642               7.650
  4928.480 106.00113     1.758    -4.758               3.456
  4928.480 106.00113     3.221    -2.232               3.456
  4928.503      24.0     3.092    -3.922
  4928.523 106.00113     0.458    -4.758               3.456
  4928.532     607.0     1.398    -2.652               7.650
  4928.548 106.00113     3.221    -2.243               3.456
  4928.555 106.00113     0.458    -3.360               3.456
  4928.565 106.00112     1.151    -2.857               3.456
  4928.567 106.00112     1.806    -2.884               3.456
  4928.596 106.00113     3.319    -2.506               3.456
  4928.635 106.00112     1.806    -4.998               3.456
  4928.650 106.00113     2.633    -3.811               3.456
  4928.677 106.00112     3.708    -4.215               3.456
  4928.698 106.00112     2.361    -2.572               3.456
  4928.711 106.00113     2.663    -2.609               3.456
  4928.766 106.00112     1.806    -2.887               3.456
  4928.791      23.0     2.743    -4.750
  4928.796 106.00113     0.458    -3.421               3.456
  4928.796 106.00113     3.111    -3.373               3.456
  4928.810      27.0     3.530    -3.141
  4928.815 106.00112     1.151    -2.878               3.456
  4928.821      20.0     5.045    -1.972
  4928.840      60.1     1.411     -1.21                                 LAWLER 
  4928.843     607.0     1.418    -4.740               7.650
  4928.850     607.0     1.469    -4.531               7.650
  4928.859      27.0     2.871    -3.521
  4928.872      26.0     4.256    -4.905
  4928.877      68.0     0.890    -0.596
  4928.885      22.0     0.836    -3.547
  4928.947     607.0     1.469    -2.678               7.650
  4928.949 106.00112     3.708    -1.299               3.456
  4928.952     607.0     1.418    -3.356               7.650
  4928.975 106.00112     1.758    -3.122               3.456
  4928.980     607.0     1.798    -3.785               7.650
  4928.985      41.0     1.630    -1.340
  4929.031 106.00113     3.319    -2.494               3.456
  4929.035     607.0     1.710    -4.284               7.650
  4929.063 106.00112     1.758    -4.758               3.456
  4929.081     607.0     0.503    -4.301               7.650
  4929.126 106.00113     3.111    -3.363               3.456
  4929.136 106.00112     2.362    -2.586               3.456
  4929.143 106.00113     1.017    -2.920               3.456
  4929.148 106.00113     0.458    -3.360               3.456
  4929.165 106.00113     1.017    -2.904               3.456
  4929.184 106.00113     0.458    -4.758               3.456
  4929.189 106.00113     1.807    -2.884               3.456
  4929.199 106.00113     1.807    -2.887               3.456
  4929.204 106.00112     2.519    -2.542               3.456
  4929.228      26.0     3.884    -4.301
  4929.230      69.1     4.140    -2.320
  4929.252 106.00112     1.758    -3.102               3.456
  4929.255 106.00112     2.519    -2.556               3.456
  4929.301      70.1     6.303    -1.140
  4929.315      69.1     4.265    -3.120
  4929.332      69.1     4.364    -1.040
  4929.342 106.00112     2.663    -2.624               3.456
  4929.411      23.1     6.837    -2.378
  4929.420      26.0     4.607    -2.80
  4929.530     607.0     1.601    -2.939               7.650
  4929.548      24.0     2.987    -4.804
  4929.556      62.1     0.659    -1.650
  4929.564 106.00113     2.441    -2.557               3.456
  4929.583 106.00112     2.663    -2.609               3.456
  4929.583 106.00113     1.084    -2.880               3.456
  4929.629 106.00112     3.319    -2.506               3.456
  4929.635     607.0     1.601    -4.309               7.650
  4929.697 106.00113     0.693    -4.571               3.456
  4929.697 106.00113     3.201    -3.353               3.456
  4929.728      22.0     2.695    -2.094
  4929.748 106.00112     3.094    -2.886               3.456
  4929.763      22.0     2.677    -1.90
  4929.792 106.00113     1.084    -2.902               3.456
  4929.805     607.0     1.372    -3.033               7.650
  4929.813     607.0     0.545    -3.364               7.650
  4929.845      64.0     1.954     0.486
  4929.874     607.0     0.545    -4.865               7.650
  4929.875 106.00113     2.161    -2.997               3.456
  4929.904 106.00113     3.202    -3.363               3.456
  4929.922      24.0     5.134    -1.703
  4929.955      27.1     8.702    -4.527
  4929.960 106.00113     2.161    -3.050               3.456
  4929.979     607.0     1.485    -3.852               7.650
  4929.979 106.00112     2.160    -2.997               3.456
  4929.985      90.1     1.770    -1.567
  4930.004 106.00113     1.807    -4.998               3.456
  4930.011 106.00113     2.441    -2.571               3.456
  4930.012      22.0     2.695    -2.025
  4930.025 106.00112     3.319    -2.494               3.456
  4930.053      26.0     3.301    -3.70
  4930.057 106.00113     3.639    -3.308               3.456
  4930.072 106.00112     3.094    -2.873               3.456
  4930.072 106.00113     1.860    -2.885               3.456
  4930.101      24.1     7.991    -3.507
  4930.114      69.1     4.660    -3.890
  4930.132 106.00112     1.758    -3.122               3.456
  4930.156     607.0     0.616    -3.937               7.650
  4930.181 106.00112     2.160    -3.050               3.456
  4930.187      24.0     3.845    -0.50
  4930.208 106.00112     0.458    -3.421               3.456
  4930.220 106.00112     1.758    -4.758               3.456
  4930.225 106.00113     3.639    -3.317               3.456
  4930.259 106.00113     1.860    -2.891               3.456
  4930.266      26.0     4.186    -2.902
  4930.276       6.0     8.640    -3.480
  4930.278 106.00112     0.458    -4.758               3.456
  4930.312 106.00112     1.758    -3.102               3.456
  4930.315 106.00113     3.056    -4.693               3.456
  4930.315    26.0       3.957    -1.201
  4930.340     607.0     0.632    -3.572               7.650
  4930.373 106.00113     0.693    -4.410               3.456
  4930.383 106.00112     2.807    -3.249               3.456
  4930.412 106.00113     2.807    -3.264               3.456
  4930.424 106.00113     2.807    -3.249               3.456
  4930.443     607.0     0.524    -4.322               7.650
  4930.458 106.00113     3.708    -1.308               3.456
  4930.489      69.1     4.254    -1.360
  4930.502 106.00113     1.857    -3.710               3.456
  4930.505     607.0     0.529    -4.315               7.650
  4930.512 106.00112     2.807    -3.264               3.456
  4930.517      22.0     3.551    -1.545
  4930.534      58.0     0.000     -1.40                                        
  4930.556      20.0     5.741    -3.956
  4930.585     607.0     0.520    -4.333               7.650
  4930.614     607.0     0.416    -4.891               7.650
  4930.640     607.0     0.534    -4.310               7.650
  4930.643 106.00112     0.458    -3.360               3.456
  4930.656     607.0     1.326    -2.859               7.650
  4930.680      26.0     4.608    -2.50
  4930.696      64.0     1.924     0.340
  4930.698      58.0     0.302     -1.01                                        
  4930.725      60.1     0.822     -1.16                                        
  4930.733 106.00113     3.708    -2.448               3.456
  4930.765      69.1     4.266    -3.120
  4930.766      24.0     5.155    -1.499
  4930.796      28.0     3.847    -1.30
  4930.818 106.00113     1.857    -3.710               3.456
  4930.835 106.00113     1.857    -4.607               3.456
  4930.852      40.0     1.883     -0.83                                        
  4930.857      25.1     7.757    -3.968
  4930.869 106.00112     0.458    -3.421               3.456
  4930.872     607.0     1.798    -3.778               7.650
  4930.923 106.00113     0.488    -3.343               3.456
  4930.934      39.0     2.000     -0.84                                        
  4930.940 106.00112     0.458    -4.758               3.456
  4930.964      20.0     5.741    -3.502
  4930.969      69.1     4.141    -2.260
  4930.981     607.0     0.516    -4.349               7.650
  4930.993      23.0     2.359    -4.246
  4930.993 106.00113     2.601    -2.528               3.456
  4931.015 106.00113     1.857    -3.628               3.456
  4931.021     607.0     0.510    -4.403               7.650
  4931.022     607.0     0.513    -4.372               7.650
  4931.032 106.00113     2.601    -2.542               3.456
  4931.051      22.0     1.430    -3.50
  4931.119      24.0     5.538     0.50
  4931.151 106.00113     1.857    -4.607               3.456
  4931.164      42.0     2.598    -1.853
  4931.185 106.00113     3.708    -1.299               3.456
  4931.186     607.0     0.539    -4.309               7.650
  4931.229 106.00112     1.807    -2.884               3.456
  4931.237 106.00112     0.458    -3.360               3.456
  4931.244 106.00112     1.807    -2.887               3.456
  4931.254 106.00112     1.017    -2.920               3.456
  4931.254    27.1      11.365    -0.380
  4931.258      27.0     2.871    -5.00
  4931.266 106.00112     1.017    -2.904               3.456
  4931.275 106.00113     0.488    -3.289               3.456
  4931.285 106.00113     1.858    -3.628               3.456
  4931.297 106.00112     1.807    -4.998               3.456
  4931.329 106.00113     0.488    -4.801               3.456
  4931.353      23.1     5.537    -4.702
  4931.356      23.0     3.056    -2.713
  4931.386     607.0     1.261    -4.143               7.650
  4931.387 106.00112     3.114    -3.363               3.456
  4931.399     607.0     1.282    -4.575               7.650
  4931.407      69.1     3.580    -1.640
  4931.409 106.00112     0.911    -3.533               3.456
  4931.412     607.0     0.469    -4.567               7.650
  4931.465     607.0     0.469    -3.750               7.650
  4931.468 106.00112     2.441    -2.557               3.456
  4931.534     607.0     0.508    -4.445               7.650
  4931.548      74.0     1.917    -1.510
  4931.570 106.00112     0.911    -3.449               3.456
  4931.584 106.00113     3.708    -2.439               3.456
  4931.635      22.0     3.128    -1.413
  4931.650 106.00113     0.955    -2.940               3.456
  4931.672 106.00112     1.084    -2.880               3.456
  4931.684 106.00113     3.096    -2.873               3.456
  4931.687 106.00113     0.955    -2.922               3.456
  4931.722     607.0     1.380    -2.652               7.650
  4931.743 106.00113     0.488    -3.343               3.456
  4931.743     607.0     1.601    -2.930               7.650
  4931.750      24.0     5.255    -2.052
  4931.759     607.0     0.545    -4.309               7.650
  4931.786 106.00112     2.161    -2.997               3.456
  4931.826     607.0     1.380    -2.663               7.650
  4931.842 106.00112     2.161    -3.050               3.456
  4931.893 106.00112     1.084    -2.902               3.456
  4931.906     607.0     1.485    -3.848               7.650
  4931.923 106.00112     2.441    -2.571               3.456
  4931.940 106.00112     3.114    -3.373               3.456
  4931.943      22.0     3.199    -3.438
  4931.961 106.00113     3.096    -2.886               3.456
  4932.015 106.00113     0.488    -3.289               3.456
  4932.022      42.0     3.279    -1.744
  4932.032      23.0     1.218    -1.170
  4932.050     6.0       7.685    -1.658
  4932.073 106.00113     3.627    -4.215               3.456
  4932.084      26.0     4.652    -1.618
  4932.112      58.1     0.703     -2.06                                 LAWLER 
  4932.117 106.00112     1.860    -2.885               3.456
  4932.149 106.00113     0.488    -4.801               3.456
  4932.154 106.00112     3.711    -2.439               3.456
  4932.154      59.0     0.000    -0.760
  4932.180     607.0     0.506    -4.502               7.650
  4932.188      27.1     5.467    -3.919
  4932.212      24.0     3.422    -4.451
  4932.215 106.00112     2.636    -3.811               3.456
  4932.235      24.0     5.119    -1.906
  4932.275 106.00113     1.019    -2.904               3.456
  4932.280     607.0     1.372    -4.252               7.650
  4932.309 106.00112     1.860    -2.891               3.456
  4932.322 106.00112     3.711    -2.448               3.456
  4932.322      42.0     3.904    -1.351
  4932.363 106.00113     3.381    -1.419               3.456
  4932.369     607.0     1.372    -3.027               7.650
  4932.417      21.1     8.088    -1.703
  4932.429 106.00113     1.793    -3.095               3.456
  4932.455 106.00113     1.019    -2.920               3.456
  4932.468 106.00113     0.951    -3.449               3.456
  4932.482     607.0     0.551    -4.311               7.650
  4932.518      22.0     3.581    -3.806
  4932.520      22.0     3.441    -3.699
  4932.547      24.0     3.104    -2.10
  4932.587      69.1     4.708    -2.620
  4932.614 106.00113     0.951    -3.364               3.456
  4932.623     607.0     1.908    -4.559               7.650
  4932.675 106.00113     1.793    -3.082               3.456
  4932.682      24.0     5.522    -1.871
  4932.709      23.1     6.796    -2.689
  4932.711 106.00113     3.382    -1.408               3.456
  4932.752 106.00112     2.636    -3.822               3.456
  4932.752 106.00112     3.024    -3.373               3.456
  4932.767 106.00112     3.024    -3.383               3.456
  4932.769 106.00112     1.857    -3.710               3.456
  4932.787      21.0     1.985    -3.787
  4932.798      69.1     4.324    -0.940
  4932.814     607.0     0.558    -4.314               7.650
  4932.821 106.00113     2.665    -2.609               3.456
  4932.828     607.0     0.651    -3.576               7.650
  4932.833 106.00113     2.522    -2.542               3.456
  4932.848     607.0     0.545    -4.861               7.650
  4932.850 106.00112     3.056    -4.693               3.456
  4932.854      70.1     6.950    -3.930
  4932.869      27.0     1.883    -3.05
  4932.879 106.00112     2.601    -2.528               3.456
  4932.881 106.00113     2.666    -2.624               3.456
  4932.900     607.0     0.651    -4.662               7.650
  4932.910     607.0     0.545    -3.350               7.650
  4932.915 106.00113     3.711    -4.215               3.456
  4932.928 106.00112     2.601    -2.542               3.456
  4932.940 106.00113     1.793    -4.824               3.456
  4932.945 106.00112     1.857    -4.607               3.456
  4932.950 106.00113     1.862    -2.891               3.456
  4932.957     607.0     0.505    -4.585               7.650
  4932.962 106.00113     1.862    -2.885               3.456
  4932.978      26.0     3.274    -4.00
  4933.013 106.00112     0.488    -3.343               3.456
  4933.057 106.00112     0.488    -4.801               3.456
  4933.060      92.0     0.471    -1.484
  4933.079      23.1     6.863    -2.527
  4933.086 106.00112     1.857    -3.710               3.456
  4933.093     607.0     0.483    -3.742               7.650
  4933.103      42.0     1.531    -2.004
  4933.120 106.00113     2.204    -3.050               3.456
  4933.191      26.0     4.191    -1.55
  4933.198     607.0     0.766    -4.186               7.650
  4933.205 106.00113     0.521    -3.276               3.456
  4933.209    18.1      16.749    -0.677
  4933.210      25.0     3.373    -4.961
  4933.228     607.0     1.566    -3.016               7.650
  4933.261 106.00112     1.857    -4.607               3.456
  4933.293 106.00113     2.522    -2.556               3.456
  4933.293      26.0     3.301    -2.70
  4933.303 106.00112     1.857    -3.628               3.456
  4933.332      42.0     1.470    -2.597
  4933.341      26.0     4.231    -0.75
  4933.351 106.00113     2.204    -3.125               3.456
  4933.380 106.00112     0.488    -3.289               3.456
  4933.422      21.0     3.189    -3.577
  4933.439      23.0     1.711    -1.845
  4933.474     607.0     1.326    -3.823               7.650
  4933.497      42.0     3.247    -1.433
  4933.505 106.00113     0.521    -3.229               3.456
  4933.538     607.0     1.326    -2.851               7.650
  4933.546     607.0     0.566    -4.318               7.650
  4933.561      23.0     2.365    -3.766
  4933.573 106.00112     1.858    -3.628               3.456
  4933.597      23.0     2.638    -0.50
  4933.626      40.0     1.832     -0.51                                        
  4933.636 106.00113     0.521    -4.848               3.456
  4933.662      92.1     0.548    -1.330
  4933.675 106.00113     1.917    -2.889               3.456
  4933.694 106.00112     2.665    -1.80                3.456
  4933.697      25.1     7.382    -3.483
  4933.717      22.0     3.546    -1.693
  4933.719 106.00113     0.895    -2.963               3.456
  4933.719 106.00113     3.322    -2.494               3.456
  4933.736      42.0     3.247    -1.250
  4933.762      26.0     3.882    -4.920
  4933.763 106.00113     1.794    -3.095               3.456
  4933.770 106.00113     0.895    -2.943               3.456
  4933.772 106.00112     0.955    -2.940               3.456
  4933.799 106.00112     0.955    -2.922               3.456
  4933.804 106.00112     0.693    -4.571               3.456
  4933.805      24.0     4.208    -4.416
  4933.812      26.0     4.559    -2.902
  4933.828      42.0     3.443    -1.414
  4933.828 106.00112     2.666    -2.624               3.456
  4933.833 106.00112     0.488    -3.343               3.456
  4933.852      90.1     0.909    -2.418
  4933.858     607.0     0.504    -4.710               7.650
  4933.863 106.00113     1.917    -2.867               3.456
  4933.863      27.1     9.240    -3.866
  4933.870      27.0     4.146    -3.801
  4933.873      26.0     3.943    -1.70
  4933.877 106.00112     0.488    -4.801               3.456
  4933.894 106.00113     3.322    -2.506               3.456
  4933.897      27.0     4.175    -3.118
  4933.899 106.00113     1.794    -3.082               3.456
  4933.960      69.1     4.235    -1.070
  4934.005      26.0     4.154    -1.00
  4934.054   56.1137     0.000    -0.662                                 GALLAG 
  4934.059   56.1135     0.000    -0.662                                 GALLAG 
  4934.066   56.1137     0.000    -1.362                                 GALLAG 
  4934.070   56.1135     0.000    -1.362                                 GALLAG 
  4934.084      26.0     3.301    -2.584
  4934.100   56.1134     0.000    -0.157                                 GALLAG 
  4934.100   56.1136     0.000    -0.157                                 GALLAG 
  4934.100   56.1138     0.000    -0.157                                 GALLAG 
  4934.113 106.00112     3.711    -4.215               3.456
  4934.116      68.1     2.972     0.627
  4934.118   56.1135     0.000    -0.662                                 GALLAG 
  4934.121 106.00112     0.488    -3.289               3.456
  4934.121   56.1137     0.000    -0.662                                 GALLAG 
  4934.128     607.0     1.559    -4.619               7.650
  4934.129     607.0     0.525    -4.297               7.650
  4934.129   56.1135     0.000    -0.662                                 GALLAG 
  4934.131      64.0     1.467     0.522
  4934.132   56.1137     0.000    -0.662                                 GALLAG 
  4934.186 106.00113     3.560    -2.379               3.456
  4934.195      24.0     3.092    -3.736
  4934.199 106.00113     0.522    -3.276               3.456
  4934.238      26.0     4.913    -4.00
  4934.257      21.0     2.136    -0.588
  4934.274 106.00113     1.794    -4.824               3.456
  4934.301       6.0     8.643    -4.930
  4934.379 106.00112     1.019    -2.904               3.456
  4934.386 106.00112     3.711    -1.299               3.456
  4934.408 106.00113     0.522    -3.229               3.456
  4934.460      72.1     1.602    -1.590
  4934.486      23.1     6.542    -4.144
  4934.508      26.1     7.988    -4.846
  4934.520 106.00112     0.693    -4.410               3.456
  4934.543      22.0     2.333    -2.444
  4934.547 106.00113     0.957    -2.922               3.456
  4934.548     607.0     0.574    -4.324               7.650
  4934.552 106.00112     3.711    -1.308               3.456
  4934.569 106.00112     1.019    -2.920               3.456
  4934.574 106.00112     1.793    -3.095               3.456
  4934.585    27.1      11.323    -0.530
  4934.618      25.0     4.827    -2.448
  4934.630 106.00113     0.522    -4.848               3.456
  4934.639      69.1     3.091    -2.560
  4934.656 106.00112     1.793    -4.824               3.456
  4934.674      28.1     6.650    -4.274
  4934.688 106.00113     3.560    -2.389               3.456
  4934.698 106.00113     0.957    -2.940               3.456
  4934.715 106.00112     3.322    -2.494               3.456
  4934.730 106.00112     2.522    -2.542               3.456
  4934.732 106.00112     3.096    -2.873               3.456
  4934.739      25.0     4.827    -1.643
  4934.827      24.1     7.943    -2.773
  4934.829      57.1     1.251     -1.03                                        
  4934.832 106.00112     1.793    -3.082               3.456
  4934.859      28.0     3.597    -4.540
  4934.859      69.1     4.723    -3.230
  4934.859      24.0     4.855    -1.316
  4934.861      21.1     8.244    -2.216
  4934.864      27.0     4.149    -4.460
  4934.876      24.0     3.847    -1.653
  4934.886     607.0     0.503    -4.937               7.650
  4934.915 106.00113     3.627    -1.050               3.456
  4934.929 106.00112     3.322    -2.506               3.456
  4934.932 106.00112     3.096    -2.886               3.456
  4934.945     607.0     1.361    -2.663               7.650
  4934.993 106.00113     0.557    -3.219               3.456
  4935.002 106.00112     1.862    -2.891               3.456
  4935.004      26.0     4.473    -2.70
  4935.005 106.00112     2.204    -3.050               3.456
  4935.010 106.00112     1.862    -2.885               3.456
  4935.041     607.0     1.361    -2.673               7.650
  4935.044      23.0     2.678    -1.165
  4935.055      22.0     2.506    -2.360
  4935.078      69.1     3.783    -2.030
  4935.119 106.00113     2.205    -3.050               3.456
  4935.120     7.0      10.690    -1.891
  4935.124     607.0     1.566    -3.010               7.650
  4935.166 106.00113     3.381    -4.215               3.456
  4935.170 106.00112     3.381    -1.419               3.456
  4935.190 106.00113     2.205    -3.125               3.456
  4935.200 106.00112     2.522    -2.556               3.456
  4935.201     607.0     0.561    -3.350               7.650
  4935.202 106.00112     2.204    -3.125               3.456
  4935.234      27.0     3.279    -1.820
  4935.241 106.00113     0.557    -3.177               3.456
  4935.246      22.0     2.267    -3.996
  4935.264     607.0     0.561    -4.873               7.650
  4935.309      69.1     3.764    -2.970
  4935.312 106.00112     0.521    -3.276               3.456
  4935.322 106.00113     2.636    -3.811               3.456
  4935.331 106.00112     0.521    -4.848               3.456
  4935.334 106.00113     0.838    -2.989               3.456
  4935.336      17.0     9.203    -2.950
  4935.353 106.00113     2.684    -2.515               3.456
  4935.358 106.00112     3.381    -4.215               3.456
  4935.387 106.00113     2.684    -2.528               3.456
  4935.393     607.0     0.767    -4.176               7.650
  4935.397       6.0     8.643    -3.530
  4935.407 106.00113     0.839    -2.966               3.456
  4935.407      15.0     7.176    -3.950
  4935.414      26.0     3.642    -3.560
  4935.431       6.0     8.643    -2.690
  4935.434 106.00113     3.627    -1.040               3.456
  4935.451 106.00113     0.557    -4.850               3.456
  4935.460      62.1     1.446    -1.540
  4935.502 106.00113     3.114    -3.363               3.456
  4935.504      70.0     2.444     0.254
  4935.533 106.00113     2.636    -3.822               3.456
  4935.587 106.00112     3.382    -1.408               3.456
  4935.614      57.1     0.708     -2.11                                        
  4935.619 106.00112     3.560    -2.379               3.456
  4935.621 106.00112     0.521    -3.229               3.456
  4935.644     607.0     0.505    -4.514               7.650
  4935.646     607.0     0.506    -4.341               7.650
  4935.649     607.0     0.505    -4.264               7.650
  4935.652     607.0     0.506    -4.175               7.650
  4935.665      25.0     5.112    -1.797
  4935.692      22.0     3.351    -3.159
  4935.698     607.0     0.651    -3.561               7.650
  4935.699     607.0     0.582    -4.330               7.650
  4935.711      27.0     4.146    -1.435
  4935.714 106.00113     3.114    -3.373               3.456
  4935.721      21.0     1.986    -2.574
  4935.728 106.00112     1.917    -2.889               3.456
  4935.731     607.0     0.640    -3.937               7.650
  4935.767     607.0     0.508    -4.211               7.650
  4935.775     607.0     0.508    -4.112               7.650
  4935.784     607.0     0.504    -4.790               7.650
  4935.786     607.0     0.504    -4.393               7.650
  4935.797      23.0     3.815    -3.264
  4935.798     607.0     1.495    -2.678               7.650
  4935.828      76.0     2.190    -1.750
  4935.831      28.0     3.941    -0.350
  4935.848 106.00112     0.895    -2.963               3.456
  4935.860     607.0     1.559    -4.615               7.650
  4935.870      69.0     2.355    -1.350
  4935.894 106.00112     0.895    -2.943               3.456
  4935.896     607.0     1.495    -4.539               7.650
  4935.909 106.00112     1.794    -3.095               3.456
  4935.921 106.00112     1.917    -2.867               3.456
  4935.943      21.0     1.987    -1.541
  4935.979      20.0     5.049    -3.166
  4935.992 106.00112     1.794    -4.824               3.456
  4935.994      59.0     0.543     0.474
  4936.020      62.1     0.434    -1.710
  4936.021     607.0     0.510    -4.106               7.650
  4936.030     607.0     0.510    -4.065               7.650
  4936.047     607.0     0.503    -4.558               7.650
  4936.048      64.0     1.963     0.494
  4936.057 106.00112     1.794    -3.082               3.456
  4936.073     607.0     0.428    -4.898               7.650
  4936.083    18.1      18.616    -1.810
  4936.110      69.1     4.914    -3.710
  4936.152      64.1     1.727    -0.860
  4936.155 106.00112     3.560    -2.389               3.456
  4936.157 106.00112     3.627    -1.050               3.456
  4936.170 106.00113     0.558    -3.219               3.456
  4936.170      27.1     8.048    -3.572
  4936.202      26.0     4.913    -2.985
  4936.209 106.00113     3.024    -3.383               3.456
  4936.235      44.0     2.072    -2.140
  4936.243      21.0     3.057    -4.202
  4936.269 106.00113     3.059    -4.693               3.456
  4936.274 106.00113     0.597    -3.169               3.456
  4936.306 106.00112     0.522    -3.276               3.456
  4936.323 106.00113     0.558    -3.177               3.456
  4936.326 106.00112     0.522    -4.848               3.456
  4936.335      64.0     1.349    -0.113
  4936.336      24.0     3.113    -0.340
  4936.384 106.00113     0.897    -2.943               3.456
  4936.386      24.0     3.011    -3.155
  4936.395      24.0     2.983    -3.417
  4936.399 106.00112     3.627    -4.215               3.456
  4936.406     607.0     0.513    -4.018               7.650
  4936.408      73.0     1.517    -1.090
  4936.413      27.0     4.025    -1.752
  4936.414      22.0     2.334    -2.864
  4936.416 106.00112     3.627    -4.215               3.456
  4936.417     607.0     0.513    -4.031               7.650
  4936.426      28.1     7.077    -2.732
  4936.428      23.1     8.757    -2.567
  4936.464 106.00112     0.951    -3.449               3.456
  4936.486 106.00113     0.784    -3.018               3.456
  4936.486 106.00113     0.597    -3.131               3.456
  4936.508 106.00113     0.897    -2.963               3.456
  4936.525 106.00112     0.522    -3.229               3.456
  4936.528 106.00113     3.024    -3.373               3.456
  4936.568     607.0     0.591    -4.336               7.650
  4936.572      23.1     6.529    -3.780
  4936.579 106.00113     0.784    -2.993               3.456
  4936.601 106.00112     0.951    -3.364               3.456
  4936.606 106.00113     3.711    -1.308               3.456
  4936.628 106.00113     0.558    -4.850               3.456
  4936.628 106.00113     3.711    -1.299               3.456
  4936.657 106.00112     3.627    -1.040               3.456
  4936.662 106.00112     0.957    -2.922               3.456
  4936.677 106.00113     2.604    -2.528               3.456
  4936.744     607.0     1.655    -3.513               7.650
  4936.753     607.0     0.483    -4.576               7.650
  4936.757      24.1     8.215    -4.601
  4936.764 106.00113     0.597    -4.903               3.456
  4936.769 106.00113     1.919    -2.867               3.456
  4936.775      90.0     1.091    -1.026
  4936.775     607.0     0.525    -4.291               7.650
  4936.788      70.1     6.660    -2.980
  4936.798 106.00113     1.919    -2.889               3.456
  4936.807     607.0     0.483    -3.733               7.650
  4936.820      25.0     5.112    -1.725
  4936.823 106.00112     0.957    -2.940               3.456
  4936.879      27.0     3.952    -2.250
  4936.881 106.00113     3.711    -2.448               3.456
  4936.894 106.00113     1.876    -3.599               3.456
  4936.917      64.1     1.314    -1.820
  4936.922     607.0     0.516    -3.942               7.650
  4936.935     607.0     0.516    -4.005               7.650
  4936.952      23.1     6.109    -4.185
  4936.956     607.0     0.504    -4.558               7.650
  4936.959     607.0     0.504    -4.859               7.650
  4937.006 106.00112     2.205    -3.050               3.456
  4937.015      28.1     7.279    -3.022
  4937.018      22.0     3.179    -3.599
  4937.020 106.00113     0.709    -4.447               3.456
  4937.028 106.00113     3.711    -2.439               3.456
  4937.040      27.0     4.240    -3.811
  4937.042 106.00112     2.205    -3.125               3.456
  4937.060     607.0     1.723    -3.277               7.650
  4937.062 106.00113     0.639    -3.124               3.456
  4937.065      26.0     6.00     -0.40
  4937.111 106.00112     0.557    -3.219               3.456
  4937.111 106.00112     0.557    -4.850               3.456
  4937.152 106.00113     2.604    -2.542               3.456
  4937.159 106.00113     0.733    -3.049               3.456
  4937.178      26.0     4.260    -4.963
  4937.203      70.1     4.652    -1.370
  4937.211      27.1     3.459    -3.948
  4937.220      70.1     5.321    -0.100
  4937.222      69.1     4.899    -2.400
  4937.230 106.00112     2.684    -2.515               3.456
  4937.230 106.00113     1.876    -4.645               3.456
  4937.237 106.00113     0.639    -3.091               3.456
  4937.245 106.00112     3.319    -2.767               3.456
  4937.259      69.1     4.368    -2.720
  4937.276 106.00112     2.684    -2.528               3.456
  4937.281 106.00113     0.733    -3.022               3.456
  4937.293      26.0     4.143    -2.027
  4937.313 106.00113     1.876    -3.599               3.456
  4937.328 106.00113     1.876    -3.538               3.456
  4937.341      28.0     3.606    -0.390
  4937.357 106.00113     0.685    -3.085               3.456
  4937.369 106.00112     0.557    -3.177               3.456
  4937.379 106.00113     1.976    -2.865               3.456
  4937.379      22.0     3.569    -1.885
  4937.427      42.0     3.395    -1.672
  4937.469 106.00112     0.838    -2.989               3.456
  4937.501 106.00113     0.685    -3.055               3.456
  4937.507      26.0     3.884    -4.419
  4937.511      24.0     3.104    -3.343
  4937.531     607.0     1.344    -2.846               7.650
  4937.537      20.0     4.780    -4.389
  4937.537 106.00112     0.839    -2.966               3.456
  4937.562 106.00113     3.630    -4.215               3.456
  4937.564 106.00113     0.709    -4.315               3.456
  4937.569 106.00113     1.976    -2.844               3.456
  4937.578     607.0     0.520    -3.875               7.650
  4937.584 106.00113     0.639    -4.905               3.456
  4937.593     607.0     0.520    -3.986               7.650
  4937.598     607.0     1.447    -3.354               7.650
  4937.598     607.0     0.505    -4.319               7.650
  4937.602     607.0     0.505    -4.630               7.650
  4937.632      73.0     2.155    -1.110
  4937.649 106.00113     1.876    -4.645               3.456
  4937.652 106.00113     0.597    -3.169               3.456
  4937.657 106.00112     3.319    -2.757               3.456
  4937.674      22.0     3.334    -2.978
  4937.693 106.00113     1.877    -3.538               3.456
  4937.726      22.0     0.813    -1.85
  4937.757 106.00113     0.597    -3.131               3.456
  4937.757 106.00113     0.733    -4.969               3.456
  4937.776 106.00113     0.840    -2.966               3.456
  4937.791      24.1     8.614    -1.838
  4937.819      69.1     3.618    -1.520
  4937.849     607.0     1.495    -4.537               7.650
  4937.855     607.0     0.640    -3.929               7.650
  4937.869 106.00113     0.840    -2.989               3.456
  4937.881      23.0     2.374    -3.707
  4937.913 106.00113     0.685    -4.966               3.456
  4937.947     607.0     1.495    -2.670               7.650
  4937.975      26.0     4.607    -2.40
  4938.036    22.0       1.997    -2.140
  4938.086 106.00113     1.832    -3.077               3.456
  4938.089      77.0     1.515    -2.160
  4938.090      62.1     0.248    -1.440
  4938.118      23.0     2.122    -3.133
  4938.126     607.0     1.344    -2.673               7.650
  4938.132      22.0     2.662    -2.045
  4938.142 106.00113     0.597    -4.903               3.456
  4938.147      24.0     5.529    -1.666
  4938.174      26.0     3.943    -1.036
  4938.177     607.0     0.561    -4.869               7.650
  4938.211     607.0     1.344    -2.684               7.650
  4938.240     607.0     0.561    -3.337               7.650
  4938.262 106.00113     3.384    -1.408               3.456
  4938.279 106.00113     3.627    -4.215               3.456
  4938.281 106.00113     2.732    -2.609               3.456
  4938.288 106.00112     0.558    -3.219               3.456
  4938.288 106.00112     0.558    -4.850               3.456
  4938.288 106.00113     0.995    -3.364               3.456
  4938.292      22.0     2.578     0.10
  4938.313 106.00113     1.832    -3.069               3.456
  4938.367     607.0     0.524    -3.816               7.650
  4938.376      26.0     4.796    -2.50
  4938.377     607.0     0.506    -4.134               7.650
  4938.379     607.0     1.277    -4.151               7.650
  4938.383     607.0     0.524    -3.973               7.650
  4938.383     607.0     0.506    -4.502               7.650
  4938.386 106.00112     0.597    -4.903               3.456
  4938.393     607.0     0.670    -3.565               7.650
  4938.403 106.00112     0.597    -3.169               3.456
  4938.408 106.00113     0.995    -3.279               3.456
  4938.440      44.0     1.139    -1.360
  4938.447      22.0     0.900    -3.448
  4938.452 106.00112     0.558    -3.177               3.456
  4938.455     607.0     1.655    -3.508               7.650
  4938.467     607.0     0.670    -4.670               7.650
  4938.510 106.00112     0.897    -2.943               3.456
  4938.526    27.1      11.245    -0.450
  4938.537 106.00113     3.385    -1.419               3.456
  4938.540      25.1     7.760    -4.574
  4938.567 106.00112     2.604    -2.528               3.456
  4938.598      17.0     9.203    -2.390
  4938.610 106.00113     2.732    -2.595               3.456
  4938.612      64.0     1.548     0.496
  4938.620 106.00112     0.597    -3.131               3.456
  4938.625 106.00112     0.784    -3.018               3.456
  4938.632 106.00113     1.832    -4.848               3.456
  4938.640 106.00112     0.897    -2.963               3.456
  4938.652 106.00113     0.640    -3.124               3.456
  4938.653     607.0     0.498    -3.726               7.650
  4938.656     607.0     1.628    -2.932               7.650
  4938.674 106.00112     3.300    -2.232               3.456
  4938.708 106.00113     0.640    -3.091               3.456
  4938.713 106.00113     0.786    -2.993               3.456
  4938.715 106.00112     0.784    -2.993               3.456
  4938.737 106.00113     2.249    -3.124               3.456
  4938.750      69.0     2.414    -2.200
  4938.760     607.0     0.505    -4.859               7.650
  4938.771 106.00113     0.785    -3.018               3.456
  4938.811 106.00112     3.059    -4.693               3.456
  4938.814    26.0       2.873    -1.077
  4938.817      26.1     8.035    -4.721
  4938.824      70.1     5.621    -2.700
  4938.830 106.00112     1.919    -2.867               3.456
  4938.854 106.00112     1.919    -2.889               3.456
  4938.881      22.0     3.148    -1.108
  4938.884      69.1     3.804    -0.850
  4938.912      26.1     9.836    -4.866
  4938.964 106.00113     2.249    -3.161               3.456
  4938.974     607.0     1.396    -3.024               7.650
  4939.013      67.0     0.000    -0.872
  4939.013      27.0     4.149    -1.802
  4939.047 106.00112     3.028    -3.373               3.456
  4939.052 106.00112     2.604    -2.542               3.456
  4939.065      58.0     0.159     -0.61                                        
  4939.084 106.00112     3.300    -2.221               3.456
  4939.101      25.0     4.360    -3.926
  4939.106      25.0     5.214     0.115
  4939.145 106.00113     3.300    -2.232               3.456
  4939.157 106.00112     2.732    -2.609               3.456
  4939.157      69.1     3.824    -0.390
  4939.162 106.00112     0.639    -4.905               3.456
  4939.162      25.0     5.181    -0.631
  4939.169 106.00113     0.686    -3.085               3.456
  4939.174 106.00113     0.640    -4.905               3.456
  4939.184 106.00113     0.686    -3.055               3.456
  4939.186 106.00113     0.734    -3.022               3.456
  4939.186 106.00112     1.876    -3.599               3.456
  4939.196 106.00112     0.639    -3.124               3.456
  4939.206 106.00113     0.734    -3.049               3.456
  4939.236      26.0     4.218    -1.333
  4939.238 106.00112     0.733    -4.969               3.456
  4939.239      26.0     4.608    -4.218
  4939.241      26.0     4.154    -0.70
  4939.247      23.0     2.359    -3.815
  4939.282     607.0     0.528    -3.762               7.650
  4939.284     607.0     0.508    -3.993               7.650
  4939.292     607.0     0.508    -4.417               7.650
  4939.300     607.0     0.529    -3.964               7.650
  4939.301 106.00112     0.733    -3.049               3.456
  4939.308      27.1     3.361    -2.966
  4939.333 106.00112     1.876    -4.645               3.456
  4939.377 106.00112     0.639    -3.091               3.456
  4939.391      23.0     2.767    -4.276
  4939.411 106.00112     2.732    -2.595               3.456
  4939.421 106.00112     0.733    -3.022               3.456
  4939.440 106.00112     1.976    -2.865               3.456
  4939.445 106.00112     0.685    -4.966               3.456
  4939.445 106.00113     3.319    -2.767               3.456
  4939.477      26.0     4.186    -3.890
  4939.479      25.0     5.112    -0.475
  4939.496 106.00112     0.685    -3.085               3.456
  4939.504      27.0     4.149    -2.879
  4939.589      24.1     8.363    -4.941
  4939.591 106.00112     3.028    -3.383               3.456
  4939.600      26.0     2.949    -4.336
  4939.606 106.00112     1.876    -3.599               3.456
  4939.607     607.0     1.447    -4.745               7.650
  4939.609 106.00113     1.832    -3.077               3.456
  4939.633 106.00112     1.976    -2.844               3.456
  4939.640 106.00112     1.876    -3.538               3.456
  4939.642      90.0     0.966    -1.149
  4939.643 106.00112     0.685    -3.055               3.456
  4939.682 106.00113     3.300    -2.221               3.456
  4939.687    26.0       0.858    -3.340
  4939.716 106.00113     1.832    -3.069               3.456
  4939.718     607.0     1.447    -3.349               7.650
  4939.726 106.00113     0.686    -4.966               3.456
  4939.740      59.0     0.353     0.645
  4939.753 106.00112     1.876    -4.645               3.456
  4939.765 106.00112     0.597    -4.903               3.456
  4939.768     607.0     0.600    -4.343               7.650
  4939.782 106.00112     0.597    -3.169               3.456
  4939.804 106.00113     0.734    -4.969               3.456
  4939.873      24.0     3.850    -2.542
  4939.884      24.0     4.778    -2.085
  4939.892 106.00112     0.597    -3.131               3.456
  4939.899     107.0     3.271    -3.594               3.450
  4939.909 106.00112     0.840    -2.966               3.456
  4939.923      20.0     6.035    -3.527
  4939.931      27.0     4.058    -2.754
  4939.980      20.0     6.035    -3.069
  4939.999      27.0     4.149    -0.20
  4940.006 106.00112     1.877    -3.538               3.456
  4940.006 106.00112     0.840    -2.989               3.456
  4940.087 106.00113     3.319    -2.757               3.456
  4940.155 106.00113     1.832    -4.848               3.456
  4940.248 106.00112     1.832    -3.077               3.456
  4940.295      59.0     0.171     0.163
  4940.309     607.0     0.506    -4.581               7.650
  4940.311      22.0     3.569    -1.004
  4940.314     607.0     0.510    -3.879               7.650
  4940.324 106.00112     1.832    -4.848               3.456
  4940.324     607.0     0.510    -4.358               7.650
  4940.342     607.0     0.534    -3.714               7.650
  4940.362     607.0     0.534    -3.958               7.650
  4940.376     5.1      19.179     0.682
  4940.380      22.0     2.695    -1.833
  4940.388      58.0     0.552     -0.69                                        
  4940.436      25.0     5.338    -0.883
  4940.478     607.0     1.304    -4.581               7.650
  4940.480      20.0     5.018    -3.476
  4940.485 106.00113     2.768    -2.502               3.456
  4940.487 106.00112     1.832    -3.069               3.456
  4940.490      27.0     4.149    -2.724
  4940.514 106.00112     2.869    -3.250               3.456
  4940.514 106.00113     2.768    -2.514               3.456
  4940.529      70.1     6.954    -1.990
  4940.538      70.1     7.707    -2.300
  4940.556 106.00113     2.869    -3.250               3.456
  4940.558      23.1     6.522    -3.836
  4940.583    27.1      11.245     0.250
  4940.592 106.00112     2.249    -3.124               3.456
  4940.609       6.0     8.537    -2.920
  4940.623      22.0     2.677    -3.188
  4940.643      28.0     4.419    -3.851
  4940.692 106.00113     1.978    -2.844               3.456
  4940.734 106.00113     1.978    -2.865               3.456
  4940.753 106.00112     0.640    -4.905               3.456
  4940.757     607.0     0.578    -3.337               7.650
  4940.773 106.00112     2.869    -3.236               3.456
  4940.785 106.00112     2.249    -3.161               3.456
  4940.788 106.00112     0.640    -3.124               3.456
  4940.790      20.0     6.035    -3.705
  4940.807 106.00113     3.648    -2.379               3.456
  4940.822     607.0     0.578    -4.881               7.650
  4940.834 106.00113     3.648    -2.369               3.456
  4940.849 106.00112     0.640    -3.091               3.456
  4940.851 106.00112     0.786    -2.993               3.456
  4940.873      21.0     1.996    -1.517
  4940.887     107.0     3.271    -3.594               3.450
  4940.912 106.00112     0.785    -3.018               3.456
  4940.929 106.00113     3.630    -1.040               3.456
  4940.934 106.00113     2.250    -3.124               3.456
  4940.937      23.0     2.379    -2.020
  4940.963 106.00113     2.869    -3.236               3.456
  4940.969    22.0       1.981    -1.880
  4940.981      24.1     3.887    -3.831
  4940.985 106.00113     2.250    -3.161               3.456
  4941.057      26.0     4.652    -4.128
  4941.069     8.1      26.554    -0.053
  4941.098 106.00113     3.630    -1.050               3.456
  4941.125      69.1     3.295    -2.060
  4941.132     607.0     0.793    -4.178               7.650
  4941.144 106.00112     3.384    -1.408               3.456
  4941.178 106.00112     0.709    -4.447               3.456
  4941.178 106.00113     3.627    -4.215               3.456
  4941.191 106.00113     2.687    -2.515               3.456
  4941.222 106.00113     2.037    -2.842               3.456
  4941.244     607.0     1.326    -2.684               7.650
  4941.259 106.00112     0.686    -4.966               3.456
  4941.286 106.00112     0.734    -4.969               3.456
  4941.297     607.0     1.749    -4.284               7.650
  4941.303      22.0     0.826    -2.929
  4941.310 106.00112     0.686    -3.085               3.456
  4941.327 106.00112     0.734    -3.022               3.456
  4941.327 106.00112     0.686    -3.055               3.456
  4941.334     607.0     1.396    -4.258               7.650
  4941.337      21.0     2.139    -0.326
  4941.344     607.0     1.326    -2.695               7.650
  4941.347 106.00113     3.385    -4.215               3.456
  4941.349      27.0     4.149    -0.985
  4941.349 106.00112     0.734    -3.049               3.456
  4941.352 106.00112     3.385    -1.419               3.456
  4941.379      23.1     6.784    -2.543
  4941.413 106.00113     2.037    -2.822               3.456
  4941.425     607.0     1.396    -3.018               7.650
  4941.476     607.0     0.513    -3.784               7.650
  4941.488     607.0     0.513    -4.314               7.650
  4941.498     607.0     0.609    -4.351               7.650
  4941.515      41.0     1.500    -1.700
  4941.528     607.0     1.834    -3.780               7.650
  4941.539     607.0     0.539    -3.669               7.650
  4941.540 106.00112     3.385    -4.215               3.456
  4941.542      22.0     3.215    -3.420
  4941.561     607.0     0.539    -3.955               7.650
  4941.571      22.0     2.160    -1.10
  4941.645      24.0     3.013    -2.502
  4941.663      42.0     3.212    -0.506
  4941.669      27.0     4.240    -1.325
  4941.682 106.00113     2.687    -2.528               3.456
  4941.685     607.0     0.441    -4.906               7.650
  4941.698      22.0     2.677    -3.899
  4941.762 106.00112     0.709    -4.315               3.456
  4941.764      28.0     5.280    -3.226
  4941.772 106.00112     1.832    -3.077               3.456
  4941.782      69.1     2.947    -1.510
  4941.848 106.00112     2.938    -3.383               3.456
  4941.848 106.00112     1.832    -4.848               3.456
  4941.870 106.00112     2.938    -3.394               3.456
  4941.892 106.00112     1.832    -3.069               3.456
  4941.914 106.00112     3.630    -4.215               3.456
  4941.928      28.0     3.606    -3.254
  4941.982     607.0     0.508    -4.404               7.650
  4942.002    19.0       1.610    -2.807
  4942.031     607.0     0.547    -4.287               7.650
  4942.049    27.1      11.245    -0.380
  4942.136      23.0     1.711    -2.075
  4942.155 106.00112     3.630    -1.040               3.456
  4942.218     607.0     0.498    -4.584               7.650
  4942.236 106.00112     3.648    -2.369               3.456
  4942.243 106.00112     3.648    -2.379               3.456
  4942.274     607.0     1.518    -3.846               7.650
  4942.275     607.0     0.498    -3.718               7.650
  4942.285 106.00112     0.995    -3.364               3.456
  4942.319      71.0     0.247    -1.670
  4942.336      27.0     4.149    -1.710
  4942.344 106.00112     3.630    -1.050               3.456
  4942.354      42.0     4.329    -0.746
  4942.356 106.00112     2.768    -2.502               3.456
  4942.361 106.00112     3.322    -2.757               3.456
  4942.370 106.00112     2.543    -3.822               3.456
  4942.395 106.00112     2.768    -2.514               3.456
  4942.395 106.00112     0.995    -3.279               3.456
  4942.407      25.0     2.888    -2.790
  4942.454 106.00112     2.543    -3.833               3.456
  4942.459    26.0       4.217    -1.409
  4942.466    16.1      13.584    -1.034
  4942.496      24.0     0.941    -2.294
  4942.555      22.0     3.323    -3.091
  4942.561 106.00112     3.322    -2.767               3.456
  4942.581      27.1     7.980    -3.084
  4942.586 106.00112     3.630    -4.215               3.456
  4942.589      26.0     4.256    -2.00
  4942.632      26.1     9.775    -3.196
  4942.708     607.0     1.749    -4.279               7.650
  4942.743      70.1     4.153    -1.680
  4942.747      24.0     3.449    -3.467
  4942.759 106.00112     1.978    -2.844               3.456
  4942.773     607.0     0.516    -3.702               7.650
  4942.786     607.0     0.516    -4.281               7.650
  4942.791 106.00112     2.250    -3.124               3.456
  4942.798 106.00112     1.978    -2.865               3.456
  4942.801      23.0     2.638    -2.782
  4942.808 106.00112     2.250    -3.161               3.456
  4942.832      26.1     7.940    -4.881
  4942.832 106.00113     3.028    -3.373               3.456
  4942.844      90.1     0.994    -2.187
  4942.852      23.0     2.122    -2.576
  4942.864 106.00113     2.735    -2.595               3.456
  4942.878     607.0     0.545    -3.629               7.650
  4942.901     607.0     0.545    -3.954               7.650
  4942.935 106.00113     2.735    -2.609               3.456
  4942.953      42.0     3.302    -1.736
  4942.957      76.0     1.908    -2.030
  4942.960      60.1     0.742     -1.13                                 LAWLER 
  4942.999     8.1      26.561     0.239
  4943.043 106.00113     3.028    -3.383               3.456
  4943.064      90.0     0.356    -2.125
  4943.067      22.0     0.900    -3.15
  4943.072 106.00112     2.687    -2.515               3.456
  4943.080     607.0     0.670    -3.550               7.650
  4943.157      69.1     4.329    -2.850
  4943.175      25.0     5.349    -3.939
  4943.277      27.0     3.952    -1.20
  4943.289 106.00112     2.037    -2.842               3.456
  4943.324     607.0     0.793    -4.169               7.650
  4943.345       6.0     8.537    -4.820
  4943.367     607.0     0.619    -4.358               7.650
  4943.412      24.0     5.262    -2.680
  4943.465 106.00113     1.898    -3.517               3.456
  4943.485 106.00112     2.037    -2.822               3.456
  4943.541       6.0     8.647    -2.460
  4943.575       6.0     8.647    -3.370
  4943.575 106.00112     2.687    -2.528               3.456
  4943.585      23.0     2.359    -3.449
  4943.618     607.0     0.665    -3.929               7.650
  4943.618      26.1     8.230    -4.294
  4943.619      23.0     2.365    -4.549
  4943.627      26.1     6.729    -4.177
  4943.662     607.0     0.578    -4.877               7.650
  4943.666 106.00112     2.735    -2.595               3.456
  4943.693      69.1     4.311    -1.440
  4943.701      26.1     7.627    -3.160
  4943.720      59.1     0.483    -1.623
  4943.720      26.1     7.397    -3.379
  4943.727     607.0     0.578    -3.325               7.650
  4943.798     607.0     0.510    -4.272               7.650
  4943.813 106.00112     2.735    -2.609               3.456
  4943.817 106.00113     1.898    -4.716               3.456
  4943.840      58.1     0.956     -1.42                                        
  4943.842 106.00113     1.872    -3.065               3.456
  4943.844 106.00113     1.898    -3.470               3.456
  4943.899      60.1     0.204     -1.64                                        
  4944.001 106.00113     1.898    -3.517               3.456
  4944.008 106.00112     3.627    -1.050               3.456
  4944.030 106.00113     3.627    -1.050               3.456
  4944.049      24.0     5.239    -2.103
  4944.062 106.00113     1.872    -3.063               3.456
  4944.077      70.1     4.153    -1.060
  4944.094      22.0     3.551    -1.384
