Ba 5853 +/-10 A
  5843.729      58.0     0.515     -0.62                                        
  5843.762 106.00112     2.595    -8.234               3.466          A-X 5 27.5
  5843.769      62.0     1.808      0.00                                        
  5843.773      22.1     3.092     -6.83                                        
  5843.811 607.01214     2.193    -2.768               7.724          1609Qc0115
  5843.824 106.00112     2.595    -4.602               3.466          A-X 5 28.5
  5843.824 112.00124     0.672    -4.568               1.340          02Q122b24 
  5843.824      25.0     4.265     -2.50                                        
  5843.826 607.01214     0.632    -2.575               7.724          0601Rb0395
  5843.826 607.01314     1.347    -1.918               7.724          1105Qb0245
  5843.832 607.01214     2.853    -2.852               7.724          2012Qc0115
  5843.834 106.00112     1.655    -3.508               3.466          B-X 4 15.5
  5843.835 607.01214     2.193    -2.581               7.724          1609Pa0125
  5843.845 607.01314     2.180    -3.090               7.724          1609Rd0175
  5843.855      20.0     5.574     -3.97                                        
  5843.868 607.01314     0.590    -3.033               7.724          0500Rb0505
  5843.882 607.01314     1.347    -3.139               7.724          1105Pd0255
  5843.910 607.01314     2.119    -3.140               7.724          1609Qb0015
  5843.913      22.0     1.429     -5.19                                        
  5843.913      27.0     4.206     -3.18                                        
  5843.913      73.0     1.209     -1.97                                        
  5843.916 607.01314     2.119    -3.446               7.724          1609Pd0025
  5843.925 607.01214     0.632    -3.658               7.724          0601Qd0405
  5843.935 106.00112     2.595    -4.491               3.466          A-X 5 27.5
  5843.956 106.00113     2.003    -7.043               3.466          A-X 6 12.5
  5843.991 607.01314     0.590    -4.282               7.724          0500Qd0515
  5843.997 106.00112     2.595    -6.770               3.466          A-X 5 28.5
  5844.029 106.00112     1.655    -7.411               3.466          B-X 4 16.5
  5844.029      23.1     6.473     -4.17                                        
  5844.034 607.01314     0.266    -4.539               7.724          0500Pc0335
  5844.055      68.1     2.051     -1.93                                 LAWLER 
  5844.101 607.01314     2.842    -3.195               7.724          2012Rd0195
  5844.134      39.0     2.002     -1.94                                        
  5844.142 607.01314     1.289    -2.840               7.724          1105Qc0185
  5844.158 106.00112     1.655    -3.440               3.466          B-X 4 16.5
  5844.185 607.01314     1.289    -2.386               7.724          1105Pa0195
  5844.219 106.00112     1.780    -3.717               3.466          B-X 3 22.5
  5844.236 106.00112     2.361    -4.808               3.466          A-X 3 31.5
  5844.248 607.01214     2.853    -2.678               7.724          2012Pa0125
  5844.259 112.00124     0.892    -1.533               1.340          02Q229b24 
  5844.267 112.00124     0.672    -2.050               1.340          02R122b24 
  5844.278      28.0     4.164     -3.07                                        
  5844.347 607.01214     0.512    -3.844               7.724          0601Rc0325
  5844.377      26.1     6.133     -4.80                                        
  5844.380 106.00112     2.361    -8.100               3.466          A-X 3 30.5
  5844.425      28.1     6.641     -2.77                                        
  5844.429 607.01214     0.512    -2.384               7.724          0601Qa0335
  5844.437      20.0     5.581     -4.86                                        
  5844.452 112.00124     0.892    -5.488               1.340          02P129b24 
  5844.484 607.01214     1.627    -3.740               7.724          0903Rc0615
  5844.490 607.01314     2.132    -2.704               7.724          1609Rb0075
  5844.501 607.01314     2.132    -2.779               7.724          1609Qd0085
  5844.503 112.00124     0.892    -5.488               1.340          02R229b24 
  5844.549      26.0     2.843     -5.69                                        
  5844.552 112.00124     0.679    -1.741               1.340          13R216b24 
  5844.552      25.0     5.083     -3.74                                        
  5844.556 106.00112     2.443    -4.505               3.466          A-X 4 29.5
  5844.569 607.01214     0.592    -4.558               7.724          0500Rc0495
  5844.581 106.00112     2.361    -7.244               3.466          A-X 3 31.5
  5844.595      24.0     3.011     -1.77                                 SOBECK 
  5844.631 607.01214     1.627    -1.828               7.724          0903Qa0625
  5844.636      60.0     1.259      0.20                                        
  5844.651      59.1     0.629     -1.34                                        
  5844.670 112.00124     0.679    -3.944               1.340          13Q116b24 
  5844.677      24.0     5.645     -3.97                                        
  5844.685      23.0     4.050     -2.98                                        
  5844.689      22.0     3.567     -3.96                                        
  5844.690 106.00112     2.444    -7.783               3.466          A-X 4 28.5
  5844.694 607.01214     0.592    -2.785               7.724          0500Qa0505
  5844.697 112.00124     0.892    -1.518               1.340          02Q129b24 
  5844.719 607.01214     1.866    -5.209               7.724          0600Rc0895
  5844.724 106.00112     2.361    -4.805               3.466          A-X 3 30.5
  5844.757      23.0     3.543     -4.09                                        
  5844.798 607.01314     2.063    -3.177               7.724          1508Pc0275
  5844.807      78.0     4.774      0.18                                        
  5844.825 106.00112     2.443    -6.841               3.466          A-X 4 29.5
  5844.853 607.01214     1.494    -3.500               7.724          0903Qc0565
  5844.871 106.00113     1.363    -4.207               3.466          B-X 4  7.5
  5844.880      20.0     5.989     -2.19                                        
  5844.888 607.01214     2.877    -3.080               7.724          2012Rc0155
  5844.897      20.0     5.581     -4.52                                        
  5844.919      26.0     4.151     -2.94                                        
  5844.921 607.01314     2.120    -2.957               7.724          1609Qb0025
  5844.928 106.00113     1.363    -7.842               3.466          B-X 4  7.5
  5844.929 607.01314     2.120    -3.315               7.724          1609Pd0035
  5844.936 607.01314     2.781    -2.558               7.724          2012Qb0075
  5844.941 607.01214     1.866    -3.020               7.724          0600Qa0905
  5844.947      24.0     3.645     -3.06                                        
  5844.957 607.01314     2.781    -3.152               7.724          2012Pd0085
  5844.959 106.00112     2.444    -4.472               3.466          A-X 4 28.5
  5844.988 607.01214     1.494    -2.204               7.724          0903Pa0575
  5844.993 607.01314     0.468    -2.684               7.724          0601Rb0305
  5845.026 607.01214     2.891    -2.121               7.724          2012Qb0175
  5845.034      57.0     0.130     -2.08                                        
  5845.050      55.0     1.454     -1.10                                        
  5845.067 607.01314     0.468    -3.547               7.724          0601Qd0315
  5845.133 607.01214     2.268    -2.159               7.724          1609Ra0225
  5845.150 112.00124     0.679    -1.719               1.340          13R116b24 
  5845.158 607.01314     0.294    -3.837               7.724          0601Pc0135
  5845.221 607.01314     0.370    -3.722               7.724          0601Rc0225
  5845.232      74.0     3.642     -0.35                                        
  5845.239 607.01314     1.336    -3.104               7.724          1105Rc0235
  5845.247      92.1     0.036     -2.79                                        
  5845.270      23.0     1.941     -2.55                               LAWNOHFS 
  5845.275      28.0     4.534     -3.65                                        
  5845.277 607.01314     0.370    -2.542               7.724          0601Qa0235
  5845.287      26.0     5.029     -1.82                                        
  5845.289 607.01214     2.877    -2.152               7.724          2012Qa0165
  5845.293 607.01314     1.336    -1.919               7.724          1105Qa0245
  5845.305 607.01214     1.670    -3.415               7.724          0600Pb0845
  5845.325       6.0     8.764     -2.68                                        
  5845.331      24.1     4.039     -5.33                                        
  5845.348 607.01314     2.119    -3.678               7.724          1609Pb0015
  5845.363 106.00113     1.364    -4.140               3.466          B-X 4  8.5
  5845.375 607.01214     2.891    -3.106               7.724          2012Pd0185
  5845.393      23.1     2.497     -3.27                                        
  5845.423 607.01314     2.803    -2.563               7.724          2012Rb0125
  5845.456 607.01314     2.803    -2.817               7.724          2012Qd0135
  5845.507 607.01214     2.916    -2.281               7.724          2012Ra0215
  5845.618 607.01314     2.136    -2.645               7.724          1609Rb0085
  5845.631 607.01314     2.136    -2.762               7.724          1609Qd0095
  5845.645 607.01314     0.454    -2.676               7.724          0601Ra0305
  5845.671      26.0     4.577     -3.75                                        
  5845.690      64.1     1.583     -1.31                                 LAWLER 
  5845.717      25.0     5.697     -3.81                                        
  5845.734 607.01314     2.188    -3.095               7.724          1609Rd0185
  5845.751      23.1     3.756     -5.07                                        
  5845.754      63.0     2.409     -0.17                                        
  5845.847 607.01214     2.843    -3.289               7.724          2012Pc0095
  5845.857      72.0     1.737     -1.86                                        
  5845.912 607.01314     2.775    -3.089               7.724          2012Pb0055
  5845.921      60.0     1.482      0.31                                        
  5845.961      26.0     4.909     -2.58                                        
  5845.993      26.0     3.249     -6.31                                        
  5846.043 607.01214     2.211    -2.460               7.724          1609Pb0145
  5846.075      58.0     0.889     -0.65                                        
  5846.099 607.01214     0.528    -2.384               7.724          0601Qb0335
  5846.105      22.0     1.045     -2.24                                        
  5846.111 607.01314     2.121    -2.817               7.724          1609Qb0035
  5846.117      41.0     1.405     -2.23                                        
  5846.118 607.01314     2.121    -3.228               7.724          1609Pd0045
  5846.129 607.01314     2.740    -3.244               7.724          1911Pc0295
  5846.139      22.0     3.722     -3.77                                        
  5846.156      26.0     4.952     -2.44                                        
  5846.159      20.0     5.022     -2.21                                        
  5846.183 607.01214     0.528    -3.888               7.724          0601Pd0345
  5846.205      22.0     1.748     -3.87                                        
  5846.214 607.01214     0.482    -3.181               7.724          0500Pb0445
  5846.255      26.0     4.981     -3.39                                        
  5846.296 607.01214     1.456    -2.113               7.724          1004Pb0445
  5846.324      60.1     1.528     -0.96                                        
  5846.333 607.01314     1.307    -2.342               7.724          1105Pb0205
  5846.346       6.0     8.764     -2.49                                        
  5846.353      23.0     3.129      0.66                                        
  5846.355      26.0     4.603     -4.16                                        
  5846.428 607.01314     0.324    -3.460               7.724          0601Qc0175
  5846.450   27.0059     3.565    -3.458                                 KURHFS 
  5846.457   27.0059     3.565    -3.173                                 KURHFS 
  5846.457   27.0059     3.565    -3.428                                 KURHFS 
  5846.459      21.0     2.301     -4.16                                        
  5846.472 607.01314     0.324    -3.021               7.724          0601Pa0185
  5846.473   27.0059     3.565    -2.985                                 KURHFS 
  5846.473   27.0059     3.565    -3.428                                 KURHFS 
  5846.473   27.0059     3.565    -3.479                                 KURHFS 
  5846.489 607.01214     2.183    -3.204               7.724          1609Pc0095
  5846.493 607.01314     0.462    -2.827               7.724          0500Qb0445
  5846.495 106.00113     2.240    -6.523               3.466          A-X 6 18.5
  5846.495   27.0059     3.565    -2.894                                 KURHFS 
  5846.495   27.0059     3.565    -3.040                                 KURHFS 
  5846.495   27.0059     3.565    -3.604                                 KURHFS 
  5846.518 607.01314     1.266    -3.204               7.724          1105Pc0155
  5846.525   27.0059     3.565    -2.785                                 KURHFS 
  5846.525   27.0059     3.565    -2.872                                 KURHFS 
  5846.525   27.0059     3.565    -3.826                                 KURHFS 
  5846.563   27.0059     3.565    -2.587                                 KURHFS 
  5846.563   27.0059     3.565    -2.926                                 KURHFS 
  5846.563   27.0059     3.565    -4.236                                 KURHFS 
  5846.596      26.0     5.337     -3.78                                        
  5846.602 607.01314     0.462    -4.530               7.724          0500Pd0455
  5846.608   27.0059     3.565    -2.423                                 KURHFS 
  5846.608   27.0059     3.565    -3.122                                 KURHFS 
  5846.610      23.1     6.096     -3.50                                        
  5846.612      14.0     5.615     -2.73                                        
  5846.620 607.01214     2.870    -2.556               7.724          2012Pb0145
  5846.660   27.0059     3.565    -2.282                                 KURHFS 
  5846.685 106.00112     1.305    -6.274               3.466          B-X 4  4.5
  5846.724 607.01314     2.850    -3.200               7.724          2012Rd0205
  5846.737 607.01214     0.441    -3.575               7.724          0601Qc0275
  5846.748      22.0     3.901     -3.90                                        
  5846.779 607.01314     0.349    -4.219               7.724          0500Qc0385
  5846.807 607.01214     0.441    -2.804               7.724          0601Pa0285
  5846.873 607.01314     0.349    -3.222               7.724          0500Pa0395
  5846.875 607.01214     2.225    -2.993               7.724          1609Rc0165
  5846.875 607.01214     2.288    -2.152               7.724          1609Rb0235
  5846.908 607.01214     2.225    -2.025               7.724          1609Qa0175
  5846.922 607.01214     2.288    -2.798               7.724          1609Qd0245
  5846.930 607.01314     2.140    -2.592               7.724          1609Rb0095
  5846.953 607.01314     2.140    -2.750               7.724          1609Qd0105
  5846.994      28.0     1.675     -3.46                                 LAWLER 
  5847.013 607.01214     1.366    -3.260               7.724          1105Pc0235
  5847.057 112.00124     0.592    -3.794               1.340          13R111b24 
  5847.088      22.0     3.282     -0.52                                        
  5847.092      21.0     3.875     -3.84                                        
  5847.113 607.01214     2.241    -1.995               7.724          1609Qb0185
  5847.130      59.1     1.243     -0.24                                LINOHFS 
  5847.139      22.0     1.066     -2.94                                        
  5847.145 607.01314     2.784    -2.495               7.724          2012Qb0085
  5847.150 607.01214     2.241    -3.029               7.724          1609Pd0195
  5847.151      24.0     3.119     -7.68                                        
  5847.168 607.01314     2.784    -3.132               7.724          2012Pd0095
  5847.184 607.01314     2.772    -2.859               7.724          2012Ra0055
  5847.246 106.00113     2.240    -4.721               3.466          A-X 6 17.5
  5847.247 607.01314     0.590    -3.020               7.724          0500Ra0515
  5847.250      22.0     3.348     -3.60                                        
  5847.254      24.0     3.548     -2.89                                        
  5847.264 607.01314     2.114    -2.862               7.724          1508Qc0315
  5847.268      14.0     4.916     -2.67                                        
  5847.288 106.00113     2.438    -4.505               3.466          A-X 4 29.5
  5847.297 607.01314     2.770    -2.926               7.724          2012Ra0045
  5847.305 607.01314     2.775    -2.798               7.724          2012Ra0065
  5847.308 607.01314     2.120    -3.401               7.724          1609Pb0025
  5847.314 607.01214     2.199    -2.763               7.724          1609Qc0125
  5847.324      40.0     2.124     -0.76                                        
  5847.329 607.01314     2.114    -2.066               7.724          1508Pa0325
  5847.340 607.01214     2.199    -2.534               7.724          1609Pa0135
  5847.352      23.0     4.050     -4.28                                        
  5847.449 106.00113     2.438    -7.782               3.466          A-X 4 28.5
  5847.455 607.01214     2.858    -2.846               7.724          2012Qc0125
  5847.476 607.01314     2.124    -2.705               7.724          1609Qb0045
  5847.487 106.00113     2.240    -4.785               3.466          A-X 6 18.5
  5847.487 607.01314     2.124    -3.166               7.724          1609Pd0055
  5847.490 607.01214     1.670    -5.020               7.724          0600Qc0845
  5847.498      55.0     1.454     -2.06                                        
  5847.505 106.00113     2.438    -6.841               3.466          A-X 4 29.5
  5847.535 607.01214     0.382    -4.635               7.724          0500Pc0395
  5847.593      60.0     1.336     -0.08                                        
  5847.646 607.01314     2.769    -3.001               7.724          2012Ra0035
  5847.660 607.01314     2.778    -2.743               7.724          2012Ra0075
  5847.665 106.00113     2.438    -4.472               3.466          A-X 4 28.5
  5847.671 607.01314     0.392    -2.520               7.724          0601Qb0245
  5847.685      24.0     5.645     -1.88                                        
  5847.692 607.01314     0.341    -2.973               7.724          0601Pb0195
  5847.700 607.01214     1.671    -3.409               7.724          0600Pa0855
  5847.721 607.01314     2.808    -2.526               7.724          2012Rb0135
  5847.731 607.01314     0.392    -3.768               7.724          0601Pd0255
  5847.735 607.01214     2.935    -2.272               7.724          2012Rb0225
  5847.739 607.01214     0.454    -2.796               7.724          0601Pb0285
  5847.749 607.01214     0.795    -4.061               7.724          0601Rd0485
  5847.756 607.01314     2.808    -2.815               7.724          2012Qd0145
  5847.769      72.0     2.781     -0.95                                        
  5847.794 607.01214     2.935    -2.898               7.724          2012Qd0235
  5847.819 607.01314     2.196    -3.100               7.724          1609Rd0195
  5847.825 607.01214     0.632    -2.559               7.724          0601Ra0405
  5847.878 607.01214     2.858    -2.631               7.724          2012Pa0135
  5848.012      20.0     5.574     -4.65                                        
  5848.066      26.0     3.263     -3.37                                        
  5848.071 106.00112     1.848    -5.492               3.466          A-X 3 24.5
  5848.127      26.0     4.604     -1.01                                        
  5848.231 607.01314     2.768    -3.085               7.724          2012Ra0025
  5848.247 607.01314     2.781    -2.693               7.724          2012Ra0085
  5848.286 607.01214     0.392    -3.904               7.724          0601Pc0235
  5848.316      24.0     3.886     -3.19                                        
  5848.320      58.0     0.925     -0.22                                        
  5848.346 106.00112     1.848    -7.472               3.466          A-X 3 24.5
  5848.358 112.00124     1.494    -4.205               1.340          02P244b24 
  5848.398      57.0     1.643     -0.14                                        
  5848.433 607.01314     2.145    -2.543               7.724          1609Rb0105
  5848.436 106.00112     1.848    -5.494               3.466          A-X 3 23.5
  5848.458 607.01314     2.145    -2.742               7.724          1609Qd0115
  5848.482 106.00113     1.523    -3.506               3.466          B-X 4 12.5
  5848.561 607.01214     2.884    -3.086               7.724          2012Rc0165
  5848.566 106.00113     2.264    -8.020               3.466          A-X 3 29.5
  5848.584 106.00113     1.523    -6.777               3.466          B-X 4 12.5
  5848.590 106.00113     2.264    -4.810               3.466          A-X 3 30.5
  5848.596      42.0     4.341     -1.24                                        
  5848.605 106.00113     1.524    -6.981               3.466          B-X 4 13.5
  5848.613 607.01314     2.777    -2.999               7.724          2012Pb0065
  5848.660      62.1     1.591     -1.08                                 LAWLER 
  5848.707 106.00113     1.524    -3.429               3.466          B-X 4 13.5
  5848.759 607.01314     1.298    -2.845               7.724          1105Qc0195
  5848.771      24.0     4.444     -2.72                                        
  5848.805 607.01314     1.298    -2.358               7.724          1105Pa0205
  5848.829 607.01314     1.358    -1.898               7.724          1105Qb0255
  5848.843 106.00113     2.264    -4.813               3.466          A-X 3 29.5
  5848.847      58.1     1.766     -1.19                                        
  5848.868 106.00113     2.264    -7.273               3.466          A-X 3 30.5
  5848.888 607.01314     1.358    -3.147               7.724          1105Pd0265
  5848.939      57.1     2.656     -1.15                                        
  5848.941 607.01214     2.884    -2.122               7.724          2012Qa0175
  5848.946      25.0     4.265     -1.13                                        
  5848.947 607.01214     2.278    -2.139               7.724          1609Ra0235
  5849.010 106.00113     2.053    -4.758               3.466          A-X 5 19.5
  5849.019      24.0     3.847     -1.62                                        
  5849.024 607.01314     2.126    -2.611               7.724          1609Qb0055
  5849.025      42.0     3.558     -1.00                                        
  5849.028      14.0     5.858     -3.02                                        
  5849.034 607.01314     2.126    -3.119               7.724          1609Pd0065
  5849.040 607.01214     0.766    -2.995               7.724          0500Rb0565
  5849.053 607.01314     2.767    -3.180               7.724          2012Ra0015
  5849.065 607.01314     2.784    -2.646               7.724          2012Ra0095
  5849.094 106.00113     2.591    -8.233               3.466          A-X 5 27.5
  5849.096 106.00113     2.053    -4.728               3.466          A-X 5 18.5
  5849.132 106.00113     2.591    -4.601               3.466          A-X 5 28.5
  5849.182 607.01214     0.766    -4.357               7.724          0500Qd0575
  5849.184      26.0     3.265     -4.57                                        
  5849.201 106.00113     2.053    -6.627               3.466          A-X 5 19.5
  5849.243 607.01214     0.528    -3.469               7.724          0702Rd0105
  5849.308 607.01214     0.524    -3.477               7.724          0702Rd0095
  5849.345 607.01314     0.381    -3.730               7.724          0601Rc0235
  5849.347 607.01214     0.533    -3.464               7.724          0702Rd0115
  5849.403 607.01314     0.381    -2.521               7.724          0601Qa0245
  5849.406 106.00113     2.591    -4.490               3.466          A-X 5 27.5
  5849.412 607.01214     2.925    -2.260               7.724          2012Ra0225
  5849.443 106.00113     2.591    -6.769               3.466          A-X 5 28.5
  5849.450      24.0     3.847     -3.39                                        
  5849.461 607.01314     2.121    -3.227               7.724          1609Pb0035
  5849.467 106.00112     2.010    -7.079               3.466          A-X 6 12.5
  5849.478 607.01214     2.899    -2.093               7.724          2012Qb0185
  5849.480 106.00113     2.241    -6.493               3.466          A-X 6 18.5
  5849.512 607.01214     1.801    -2.056               7.724          0903Rb0675
  5849.540 607.01214     0.519    -3.489               7.724          0702Rd0085
  5849.551 607.01314     2.788    -2.438               7.724          2012Qb0095
  5849.556 607.01314     2.858    -3.205               7.724          2012Rd0215
  5849.565      24.0     5.900     -1.16                                        
  5849.577 607.01314     2.788    -3.117               7.724          2012Pd0105
  5849.621 607.01214     0.539    -3.462               7.724          0702Rd0125
  5849.631 607.01314     2.127    -2.059               7.724          1508Pb0325
  5849.632      26.0     3.632     -4.71                                        
  5849.651      73.0     1.324     -2.30                                        
  5849.670 607.01314     0.482    -2.668               7.724          0601Rb0315
  5849.673 607.01214     1.801    -3.528               7.724          0903Qd0685
  5849.683      26.0     3.692     -2.99                                        
  5849.686 607.01314     0.301    -3.833               7.724          0601Pc0145
  5849.707      42.0     3.558     -0.33                                        
  5849.747 607.01314     0.482    -3.555               7.724          0601Qd0325
  5849.788 607.01214     2.899    -3.111               7.724          2012Pd0195
  5849.851 607.01214     0.961    -4.728               7.724          0500Rd0645
  5849.864 607.01314     1.347    -3.111               7.724          1105Rc0245
  5849.873 607.01214     0.482    -4.311               7.724          0500Qc0445
  5849.897 607.01214     2.848    -3.266               7.724          2012Pc0105
  5849.920 607.01314     1.347    -1.900               7.724          1105Qa0255
  5849.925      25.0     6.122     -3.07                                        
  5849.938 607.01214     0.516    -3.505               7.724          0702Rd0075
  5849.947 106.00112     2.597    -4.602               3.466          A-X 5 28.5
  5849.955      25.0     4.270     -3.50                                        
  5849.985 607.01214     0.482    -3.174               7.724          0500Pa0455
  5850.018 607.01314     0.468    -2.661               7.724          0601Ra0315
  5850.068 607.01214     0.545    -3.462               7.724          0702Rd0135
  5850.070      68.0     0.624     -0.87                                        
  5850.073 607.01214     1.456    -3.218               7.724          1004Qc0445
  5850.083 607.01314     0.462    -4.484               7.724          0500Rc0445
  5850.089 106.00112     2.597    -8.267               3.466          A-X 5 27.5
  5850.092      26.0     4.984     -3.41                                        
  5850.100 607.01314     2.204    -3.106               7.724          1609Rd0205
  5850.114 607.01314     2.766    -3.278               7.724          2012Ra0005
  5850.114 607.01314     2.788    -2.603               7.724          2012Ra0105
  5850.118 607.01314     2.149    -2.499               7.724          1609Rb0115
  5850.120 106.00112     2.597    -6.739               3.466          A-X 5 28.5
  5850.147 607.01314     2.149    -2.736               7.724          1609Qd0125
  5850.179 607.01214     1.456    -2.106               7.724          1004Pa0455
  5850.191 607.01314     0.462    -2.816               7.724          0500Qa0455
  5850.192      26.0     4.590     -3.74                                        
  5850.224   23.0051     1.929    -2.306                                 KURHFS 
  5850.224   23.0051     1.929    -2.561                                 KURHFS 
  5850.224 607.01314     2.814    -2.491               7.724          2012Rb0145
  5850.236       6.0     8.764     -2.29                                        
  5850.240   23.0051     1.929    -2.107                                 KURHFS 
  5850.240   23.0051     1.929    -2.306                                 KURHFS 
  5850.240   23.0051     1.929    -4.214                                 KURHFS 
  5850.261 607.01314     2.814    -2.815               7.724          2012Qd0155
  5850.262 106.00112     2.597    -4.491               3.466          A-X 5 27.5
  5850.263   23.0051     1.929    -2.043                                 KURHFS 
  5850.263   23.0051     1.929    -2.107                                 KURHFS 
  5850.263   23.0051     1.929    -2.971                                 KURHFS 
  5850.294   23.0051     1.929    -2.043                                 KURHFS 
  5850.294   23.0051     1.929    -2.074                                 KURHFS 
  5850.294   23.0051     1.929    -2.254                                 KURHFS 
  5850.333   23.0051     1.929    -1.848                                 KURHFS 
  5850.333   23.0051     1.929    -2.074                                 KURHFS 
  5850.333   23.0051     1.929    -2.255                                 KURHFS 
  5850.346      22.0     3.176     -2.13                                        
  5850.369 106.00112     2.058    -4.758               3.466          A-X 5 19.5
  5850.375 106.00113     2.241    -4.721               3.466          A-X 6 17.5
  5850.380   23.0051     1.929    -1.556                                 KURHFS 
  5850.380   23.0051     1.929    -2.255                                 KURHFS 
  5850.385 106.00112     2.058    -4.728               3.466          A-X 5 18.5
  5850.400 607.01214     0.650    -2.563               7.724          0601Rb0405
  5850.473 106.00113     2.241    -4.785               3.466          A-X 6 18.5
  5850.490 607.01214     2.188    -3.181               7.724          1609Pc0105
  5850.500 607.01214     0.512    -3.528               7.724          0702Rd0065
  5850.502 607.01214     0.650    -3.665               7.724          0601Qd0415
  5850.518 106.00112     2.058    -6.627               3.466          A-X 5 19.5
  5850.536 607.01214     2.233    -2.999               7.724          1609Rc0175
  5850.572 607.01214     2.233    -1.997               7.724          1609Qa0185
  5850.575 607.01214     0.528    -3.852               7.724          0601Rc0335
  5850.578 112.00124     1.357    -3.782               1.340          13P238b24 
  5850.582 607.01214     2.218    -2.424               7.724          1609Pb0155
  5850.626 607.01314     0.366    -3.218               7.724          0500Pb0395
  5850.630      28.0     4.161     -4.01                                        
  5850.644      59.1     0.422     -1.28                                        
  5850.660 607.01214     0.528    -2.370               7.724          0601Qa0345
  5850.678 607.01314     0.332    -3.465               7.724          0601Qc0185
  5850.687 607.01214     0.551    -3.463               7.724          0702Rd0145
  5850.724 607.01314     0.332    -2.991               7.724          0601Pa0195
  5850.747 607.01314     2.129    -2.530               7.724          1609Qb0065
  5850.761 607.01214     1.395    -3.831               7.724          0903Pc0525
  5850.762 607.01314     2.129    -3.084               7.724          1609Pd0075
  5850.801      23.0     4.062     -2.67                                        
  5850.838 607.01214     0.616    -2.785               7.724          0500Qb0505
  5850.866 607.01314     0.786    -4.667               7.724          0500Rd0595
  5850.918 106.00112     2.010    -7.042               3.466          A-X 6 12.5
  5850.965 607.01214     0.616    -4.617               7.724          0500Pd0515
  5851.020      58.0     0.159     -1.07                                        
  5851.047 607.01214     2.205    -2.761               7.724          1609Qc0135
  5851.048       6.0     8.764     -2.74                                        
  5851.075 607.01214     2.205    -2.491               7.724          1609Pa0145
  5851.080 106.00113     1.426    -7.358               3.466          B-X 3 16.5
  5851.100      58.0     1.114     -0.21                                        
  5851.104 112.00124     0.525    -4.455               1.340          02R116b24 
  5851.181 607.01214     1.989    -3.885               7.724          0903Rd0745
  5851.199      92.1     0.942     -1.95                               Nils02/17
  5851.205      26.0     4.952     -2.98                                        
  5851.209      28.1     6.324     -2.58                                        
  5851.215 607.01314     2.767    -3.322               7.724          2012Rc0005
  5851.219 607.01314     2.767    -3.355               7.724          2012Qa0015
  5851.226 607.01214     0.510    -3.559               7.724          0702Rd0055
  5851.255 607.01314     2.768    -3.267               7.724          2012Rc0015
  5851.261 607.01314     2.768    -3.102               7.724          2012Qa0025
  5851.304 607.01214     2.299    -2.132               7.724          1609Rb0245
  5851.305      23.0     4.076     -2.68                                        
  5851.323 607.01214     2.864    -2.844               7.724          2012Qc0135
  5851.335 607.01214     2.877    -2.519               7.724          2012Pb0155
  5851.346      21.0     5.007     -3.13                                        
  5851.353 607.01214     2.299    -2.805               7.724          1609Qd0255
  5851.392 607.01314     2.793    -2.564               7.724          2012Ra0115
  5851.454      22.0     1.748     -4.60                                        
  5851.476   27.0059     3.772    -4.830                                 KURHFS 
  5851.476 607.01214     2.250    -1.968               7.724          1609Qb0195
  5851.481 607.01214     0.558    -3.466               7.724          0702Rd0155
  5851.500      24.0     3.090     -5.20                                        
  5851.501   27.0059     3.772    -4.809                                 KURHFS 
  5851.501   27.0059     3.772    -5.286                                 KURHFS 
  5851.503      42.0     3.558     -0.40                                        
  5851.514 607.01314     2.781    -2.922               7.724          2012Pb0075
  5851.516 607.01214     2.250    -3.035               7.724          1609Pd0205
  5851.517 607.01314     1.273    -3.203               7.724          1105Pc0165
  5851.532 607.01314     2.769    -3.216               7.724          2012Rc0025
  5851.533   27.0059     3.772    -4.809                                 KURHFS 
  5851.533   27.0059     3.772    -4.955                                 KURHFS 
  5851.539      24.0     4.614     -4.00                                        
  5851.540 607.01314     2.769    -2.941               7.724          2012Qa0035
  5851.568      74.0     3.267     -0.52                                        
  5851.573   27.0059     3.772    -4.488                                 KURHFS 
  5851.593 607.01314     1.316    -2.317               7.724          1105Pb0215
  5851.624      42.0     2.834     -2.09                                        
  5851.630      64.0     0.124     -1.08                                        
  5851.746 607.01214     2.864    -2.588               7.724          2012Pa0145
  5851.785 607.01314     2.124    -3.096               7.724          1609Pb0045
  5852.003      92.0     0.552     -1.89                                        
  5852.004 607.01314     2.155    -2.458               7.724          1609Rb0125
  5852.033 607.01314     2.155    -2.733               7.724          1609Qd0135
  5852.040 607.01314     0.613    -3.023               7.724          0500Rb0515
  5852.044 607.01314     2.770    -3.174               7.724          2012Rc0035
  5852.055 607.01314     2.770    -2.820               7.724          2012Qa0045
  5852.083      24.0     0.982     -4.84                                        
  5852.086 607.01214     0.766    -2.983               7.724          0500Ra0575
  5852.112 607.01214     0.507    -3.601               7.724          0702Rd0045
  5852.129 112.00124     0.821    -1.246               1.340          13Q222b24 
  5852.147 607.01214     1.801    -2.047               7.724          0903Ra0685
  5852.151      23.0     4.228     -3.39                                        
  5852.156 607.01314     2.793    -2.386               7.724          2012Qb0105
  5852.166 607.01314     0.613    -4.287               7.724          0500Qd0525
  5852.184 607.01314     2.793    -3.106               7.724          2012Pd0115
  5852.204 607.01314     0.282    -4.547               7.724          0500Pc0345
  5852.219      26.0     4.545     -1.33                                        
  5852.245      22.0     3.212     -2.17                                        
  5852.260      57.0     0.951     -1.12                                        
  5852.281 112.00124     0.821    -4.875               1.340          13P122b24 
  5852.314      26.0     5.096     -4.04                                        
  5852.326      22.0     1.052     -2.44                                        
  5852.349 607.01314     0.404    -2.501               7.724          0601Qb0255
  5852.385 607.01314     2.075    -3.184               7.724          1508Pc0285
  5852.390 106.00113     2.054    -4.758               3.466          A-X 5 19.5
  5852.411 607.01314     0.404    -3.777               7.724          0601Pd0265
  5852.435 607.01214     2.945    -2.910               7.724          2012Qd0245
  5852.441 112.00124     0.821    -4.875               1.340          13R222b24 
  5852.450 607.01214     0.565    -3.469               7.724          0702Rd0165
  5852.464 607.01214     2.945    -2.252               7.724          2012Rb0235
  5852.479 607.01214     2.891    -3.093               7.724          2012Rc0175
  5852.578 607.01314     2.212    -3.113               7.724          1609Rd0215
  5852.580 607.01314     0.350    -2.947               7.724          0601Pb0205
  5852.581 106.00113     2.054    -6.596               3.466          A-X 5 19.5
  5852.593 112.00124     0.821    -1.226               1.340          13Q122b24 
  5852.598 607.01314     2.867    -3.209               7.724          2012Rd0225
  5852.627      59.1     1.253     -0.62                                        
  5852.630 607.01214     0.544    -2.370               7.724          0601Qb0345
  5852.644 106.00113     2.054    -4.729               3.466          A-X 5 18.5
  5852.656 607.01314     2.132    -2.459               7.724          1609Qb0075
  5852.671 112.00124     1.065    -1.282               1.340          13P230b24 
  5852.672 607.01314     2.132    -3.057               7.724          1609Pd0085
  5852.681      90.0     1.290     -1.75                                        
  5852.718 607.01214     0.544    -3.896               7.724          0601Pd0355
  5852.740      25.1     6.172     -3.94                                        
  5852.791 607.01314     2.772    -3.141               7.724          2012Rc0045
  5852.804 607.01314     2.772    -2.722               7.724          2012Qa0055
  5852.829 607.01214     2.891    -2.094               7.724          2012Qa0185
  5852.897 607.01314     2.797    -2.527               7.724          2012Ra0125
  5852.932 607.01314     2.821    -2.458               7.724          2012Rb0155
  5852.943 607.01214     1.379    -3.536               7.724          1004Pc0405
  5852.972 607.01314     2.821    -2.816               7.724          2012Qd0165
  5852.983 112.00124     1.065    -3.921               1.340          13Q230b24 
  5852.985 607.01214     2.288    -2.121               7.724          1609Ra0245
  5852.996      24.0     5.645     -1.10                                        
  5853.060      58.0     0.646     -0.50                                        
  5853.078      22.0     3.177     -1.52                                        
  5853.111 106.00112     2.249    -4.784               3.466          A-X 6 18.5
  5853.111 607.01214     0.454    -3.583               7.724          0601Qc0285
  5853.132 106.00112     2.249    -4.720               3.466          A-X 6 17.5
  5853.150      26.0     1.484     -5.28                                        
  5853.159 607.01214     0.506    -3.659               7.724          0702Rd0035
  5853.165 112.00124     1.065    -1.267               1.340          13P130b24 
  5853.184 607.01214     0.454    -2.786               7.724          0601Pa0295
  5853.241 106.00113     1.911    -4.997               3.466          A-X 4 21.5
  5853.265 106.00112     2.249    -6.522               3.466          A-X 6 18.5
  5853.306 106.00113     1.911    -4.981               3.466          A-X 4 20.5
  5853.345      58.0     0.396     -0.93                                        
  5853.361      22.0     3.168     -3.80                                        
  5853.388 106.00112     1.367    -4.206               3.466          B-X 4  7.5
  5853.424 106.00113     1.911    -6.941               3.466          A-X 4 21.5
  5853.424 607.01314     2.768    -3.442               7.724          2012Qc0015
  5853.430 607.01314     2.768    -3.936               7.724          2012Pa0025
  5853.443 106.00112     1.367    -7.840               3.466          B-X 4  7.5
  5853.454   23.0051     1.944   -10.506                                 KURHFS 
  5853.461   23.0051     1.944   -10.506                                 KURHFS 
  5853.461   23.0051     1.944   -10.682                                 KURHFS 
  5853.463      24.0     4.446     -3.06                                        
  5853.471      26.0     5.066     -3.60                                        
  5853.472   23.0051     1.944   -10.342                                 KURHFS 
  5853.472   23.0051     1.944   -10.807                                 KURHFS 
  5853.472   23.0051     1.944   -10.932                                 KURHFS 
  5853.486   23.0051     1.944   -10.334                                 KURHFS 
  5853.486   23.0051     1.944   -10.368                                 KURHFS 
  5853.486   23.0051     1.944   -11.360                                 KURHFS 
  5853.503   23.0051     1.944   -10.085                                 KURHFS 
  5853.503   23.0051     1.944   -10.495                                 KURHFS 
  5853.524   23.0051     1.944    -9.869                                 KURHFS 
  5853.560 607.01214     2.935    -2.241               7.724          2012Ra0235
  5853.581 607.01314     1.307    -2.851               7.724          1105Qc0205
  5853.597 607.01214     0.573    -3.474               7.724          0702Rd0175
  5853.603      25.0     5.083     -3.46                                        
  5853.629 607.01314     1.307    -2.332               7.724          1105Pa0215
  5853.657 607.01314     0.392    -3.738               7.724          0601Rc0245
  5853.670      58.0     0.295     -0.84                                        
  5853.672   23.0051     1.892    -2.705                                 KURHFS 
  5853.683      26.0     4.188     -2.35                                        
  5853.686   56.1137     0.604    -2.066                                 GALLAG 
  5853.687   56.1135     0.604    -2.066                                 GALLAG 
  5853.687   56.1137     0.604    -2.009                                 GALLAG 
  5853.688   56.1135     0.604    -2.009                                 GALLAG 
  5853.689   56.1135     0.604    -2.215                                 GALLAG 
  5853.689   56.1137     0.604    -2.215                                 GALLAG 
  5853.690   56.1134     0.604    -1.010                                 GALLAG 
  5853.690   56.1135     0.604    -1.466                                 GALLAG 
  5853.690   56.1135     0.604    -1.914                                 GALLAG 
  5853.690   56.1135     0.604    -2.620                                 GALLAG 
  5853.690   56.1136     0.604    -1.010                                 GALLAG 
  5853.690   56.1137     0.604    -1.466                                 GALLAG 
  5853.690   56.1137     0.604    -1.914                                 GALLAG 
  5853.690   56.1137     0.604    -2.620                                 GALLAG 
  5853.690   56.1138     0.604    -1.010                                 GALLAG 
  5853.691   56.1135     0.604    -2.215                                 GALLAG 
  5853.692   56.1137     0.604    -2.215                                 GALLAG 
  5853.693   56.1135     0.604    -2.009                                 GALLAG 
  5853.693   56.1137     0.604    -2.009                                 GALLAG 
  5853.694   56.1135     0.604    -2.066                                 GALLAG 
  5853.694   56.1137     0.604    -2.066                                 GALLAG 
  5853.699   23.0051     1.892    -2.684                                 KURHFS 
  5853.699   23.0051     1.892    -3.161                                 KURHFS 
  5853.718 607.01314     0.392    -2.502               7.724          0601Qa0255
  5853.725      26.1     2.674     -8.21                                        
  5853.736   23.0051     1.892    -2.684                                 KURHFS 
  5853.736   23.0051     1.892    -2.830                                 KURHFS 
  5853.773 607.01314     2.775    -3.115               7.724          2012Rc0055
  5853.782   23.0051     1.892    -2.363                                 KURHFS 
  5853.789 607.01314     2.775    -2.639               7.724          2012Qa0065
  5853.800 106.00112     2.060    -4.758               3.466          A-X 5 19.5
  5853.889 106.00112     1.368    -4.139               3.466          B-X 4  8.5
  5853.897 607.01214     1.377    -3.267               7.724          1105Pc0245
  5853.903      92.1     0.217     -2.71                                        
  5853.948 106.00112     2.060    -6.596               3.466          A-X 5 19.5
  5853.956 607.01214     0.616    -4.563               7.724          0500Rc0505
  5853.973 106.00112     2.060    -4.728               3.466          A-X 5 18.5
  5854.032 607.01314     1.369    -1.880               7.724          1105Qb0265
  5854.070 607.01314     2.161    -2.420               7.724          1609Rb0135
  5854.084 607.01214     0.616    -2.775               7.724          0500Qa0515
  5854.093 607.01314     1.369    -3.155               7.724          1105Pd0275
  5854.099 607.01314     2.161    -2.732               7.724          1609Qd0145
  5854.148      23.0     3.096     -1.38                                        
  5854.165 607.01214     2.908    -2.067               7.724          2012Qb0195
  5854.195 607.01214     2.853    -3.249               7.724          2012Pc0115
  5854.225 607.01214     1.655    -1.828               7.724          0903Qb0625
  5854.253 607.01214     1.519    -2.203               7.724          0903Pb0575
  5854.292   21.1045     1.356    -6.825                                 KURHFS 
  5854.292   21.1045     1.356    -6.983                                 KURHFS 
  5854.293   21.1045     1.356    -6.836                                 KURHFS 
  5854.293   21.1045     1.356    -7.009                                 KURHFS 
  5854.294      42.0     3.393     -1.73                                        
  5854.294 607.01314     2.126    -2.989               7.724          1609Pb0055
  5854.297   21.1045     1.356    -7.185                                 KURHFS 
  5854.298   21.1045     1.356    -7.507                                 KURHFS 
  5854.298   21.1045     1.356    -8.933                                 KURHFS 
  5854.300   21.1045     1.356    -6.811                                 KURHFS 
  5854.301   21.1045     1.356    -6.413                                 KURHFS 
  5854.301   21.1045     1.356    -7.009                                 KURHFS 
  5854.303   21.1045     1.356    -6.836                                 KURHFS 
  5854.306   21.1045     1.356    -6.825                                 KURHFS 
  5854.309   21.1045     1.356    -6.983                                 KURHFS 
  5854.331 607.01214     0.650    -2.547               7.724          0601Ra0415
  5854.349      24.0     3.119     -7.57                                        
  5854.364 607.01214     0.504    -3.742               7.724          0702Rd0025
  5854.375 607.01214     1.655    -3.800               7.724          0903Pd0635
  5854.412 607.01314     0.308    -3.831               7.724          0601Pc0155
  5854.423 607.01214     2.241    -3.005               7.724          1609Rc0185
  5854.428 607.01214     2.908    -3.118               7.724          2012Pd0205
  5854.431 607.01314     2.753    -3.256               7.724          1911Pc0305
  5854.455 607.01214     0.468    -2.779               7.724          0601Pb0295
  5854.460 607.01214     2.241    -1.970               7.724          1609Qa0195
  5854.516      70.0     3.204     -0.58                                        
  5854.530 607.01314     0.497    -2.653               7.724          0601Rb0325
  5854.560      24.0     5.651     -3.60                                        
  5854.570 607.01314     2.769    -3.233               7.724          2012Qc0025
  5854.578 607.01314     2.769    -3.586               7.724          2012Pa0035
  5854.580 607.01314     0.482    -2.646               7.724          0601Ra0325
  5854.609 607.01314     0.497    -3.563               7.724          0601Qd0335
  5854.615 607.01314     2.784    -2.854               7.724          2012Pb0085
  5854.621 607.01314     0.482    -2.816               7.724          0500Qb0455
  5854.630 607.01314     2.803    -2.493               7.724          2012Ra0135
  5854.695 607.01314     1.358    -3.119               7.724          1105Rc0255
  5854.726 607.01214     2.193    -3.164               7.724          1609Pc0115
  5854.732 607.01314     0.482    -4.537               7.724          0500Pd0465
  5854.746 607.01314     2.136    -2.396               7.724          1609Qb0085
  5854.749 607.01314     2.127    -2.871               7.724          1508Qc0325
  5854.754 607.01314     1.358    -1.881               7.724          1105Qa0265
  5854.765 607.01314     2.136    -3.037               7.724          1609Pd0095
  5854.772 607.01214     0.817    -4.067               7.724          0601Rd0495
  5854.811 607.01314     0.366    -4.227               7.724          0500Qc0395
  5854.817 607.01314     2.127    -2.051               7.724          1508Pa0335
  5854.908 607.01314     0.366    -3.210               7.724          0500Pa0405
  5854.921 607.01214     0.581    -3.479               7.724          0702Rd0185
  5854.960 607.01314     2.797    -2.339               7.724          2012Qb0115
  5854.977 607.01214     0.404    -3.911               7.724          0601Pc0245
  5854.988 607.01314     2.777    -3.095               7.724          2012Rc0065
  5854.990 607.01314     2.797    -3.099               7.724          2012Pd0125
  5855.006 607.01314     2.778    -2.566               7.724          2012Qa0075
  5855.010 607.01214     2.211    -2.761               7.724          1609Qc0145
  5855.040 607.01214     2.211    -2.451               7.724          1609Pa0155
  5855.065      22.0     3.556     -3.93                                        
  5855.076      26.0     4.604     -1.76                                        
  5855.120 607.01314     0.341    -3.471               7.724          0601Qc0195
  5855.168 607.01314     0.341    -2.963               7.724          0601Pa0205
  5855.178      22.0     3.164     -2.86                                        
  5855.210      64.1     1.597     -1.01                                 LAWLER 
  5855.255 607.01314     2.221    -3.120               7.724          1609Rd0225
  5855.259      25.1     6.172     -6.30                                        
  5855.265 106.00113     2.594    -4.601               3.466          A-X 5 28.5
  5855.265 607.01314     2.126    -2.698               7.724          1609Ra0065
  5855.280      23.0     2.606     -4.21                                        
  5855.294 607.01314     2.124    -2.759               7.724          1609Ra0055
  5855.304      68.0     0.000     -1.61                                        
  5855.327 607.01214     2.225    -2.390               7.724          1609Pb0165
  5855.376 607.01314     0.613    -3.011               7.724          0500Ra0525
  5855.435 607.01214     2.870    -2.843               7.724          2012Qc0145
  5855.455 106.00113     2.594    -8.266               3.466          A-X 5 27.5
  5855.459 607.01314     2.129    -2.643               7.724          1609Ra0075
  5855.469      23.0     1.941     -1.67                                        
  5855.533 106.00112     1.917    -4.996               3.466          A-X 4 21.5
  5855.546 607.01314     2.121    -2.827               7.724          1609Ra0045
  5855.575      57.0     0.373     -1.32                                        
  5855.578 106.00113     2.594    -6.738               3.466          A-X 5 28.5
  5855.592   23.0051     2.113    -6.170                                 KURHFS 
  5855.592   23.0051     2.113    -6.311                                 KURHFS 
  5855.592   23.0051     2.113    -6.475                                 KURHFS 
  5855.592   23.0051     2.113    -6.673                                 KURHFS 
  5855.592   23.0051     2.113    -6.760                                 KURHFS 
  5855.592   23.0051     2.113    -6.782                                 KURHFS 
  5855.592   23.0051     2.113    -6.814                                 KURHFS 
  5855.592   23.0051     2.113    -6.873                                 KURHFS 
  5855.592   23.0051     2.113    -6.928                                 KURHFS 
  5855.592   23.0051     2.113    -7.010                                 KURHFS 
  5855.592   23.0051     2.113    -7.061                                 KURHFS 
  5855.592   23.0051     2.113    -7.316                                 KURHFS 
  5855.592   23.0051     2.113    -7.316                                 KURHFS 
  5855.592   23.0051     2.113    -7.346                                 KURHFS 
  5855.592   23.0051     2.113    -7.367                                 KURHFS 
  5855.592   23.0051     2.113    -7.492                                 KURHFS 
  5855.592   23.0051     2.113    -7.714                                 KURHFS 
  5855.592   23.0051     2.113    -8.124                                 KURHFS 
  5855.599 106.00112     1.917    -4.981               3.466          A-X 4 20.5
  5855.727 607.01214     0.503    -3.867               7.724          0702Rd0015
  5855.739 106.00112     1.917    -6.940               3.466          A-X 4 21.5
  5855.744 106.00113     2.267    -4.811               3.466          A-X 3 30.5
  5855.767 106.00113     2.594    -4.490               3.466          A-X 5 27.5
  5855.819 607.01214     0.503    -3.171               7.724          0500Pb0455
  5855.846      23.1     2.513     -6.36                                        
  5855.848 607.01314     2.827    -2.428               7.724          2012Rb0165
  5855.849 607.01314     2.876    -3.214               7.724          2012Rd0235
  5855.852 607.01214     2.870    -2.548               7.724          2012Pa0155
  5855.869 607.01314     2.132    -2.592               7.724          1609Ra0085
  5855.870      24.0     5.457     -4.20                                        
  5855.873      22.0     3.291     -0.33                                        
  5855.889 607.01314     2.827    -2.819               7.724          2012Qd0175
  5855.949 607.01214     2.310    -2.114               7.724          1609Rb0255
  5855.955 607.01314     2.770    -3.116               7.724          2012Qc0035
  5855.966 607.01314     2.770    -3.377               7.724          2012Pa0045
  5855.998 106.00113     2.267    -8.055               3.466          A-X 3 29.5
  5856.000 607.01214     2.310    -2.813               7.724          1609Qd0265
  5856.019 607.01314     2.120    -2.902               7.724          1609Ra0035
  5856.022 106.00113     2.267    -7.241               3.466          A-X 3 30.5
  5856.050 607.01214     2.259    -1.943               7.724          1609Qb0205
  5856.088      26.0     4.291     -1.64                                        
  5856.091 607.01214     2.259    -3.041               7.724          1609Pd0215
  5856.103 106.00112     2.250    -4.784               3.466          A-X 6 18.5
  5856.117 106.00112     1.528    -3.505               3.466          B-X 4 12.5
  5856.124      27.0     3.407     -3.01                                        
  5856.217 106.00112     1.528    -6.776               3.466          B-X 4 12.5
  5856.218      64.0     0.124     -0.97                                        
  5856.219 112.00124     0.659    -1.765               1.340          13R215b24 
  5856.249 106.00112     1.528    -6.980               3.466          B-X 4 13.5
  5856.257 106.00112     2.250    -6.492               3.466          A-X 6 18.5
  5856.268 106.00112     2.250    -4.721               3.466          A-X 6 17.5
  5856.276 106.00113     2.267    -4.813               3.466          A-X 3 29.5
  5856.277 607.01214     2.884    -2.485               7.724          2012Pb0165
  5856.332 112.00124     0.659    -3.918               1.340          13Q115b24 
  5856.332 607.01314     2.167    -2.385               7.724          1609Rb0145
  5856.349 106.00112     1.528    -3.428               3.466          B-X 4 13.5
  5856.361 607.01314     2.167    -2.732               7.724          1609Qd0155
  5856.424 607.01214     0.590    -3.484               7.724          0702Rd0195
  5856.429 607.01214     1.477    -2.103               7.724          1004Pb0455
  5856.436 607.01314     2.781    -3.079               7.724          2012Rc0075
  5856.437      24.0     2.706     -3.84                                        
  5856.453      24.1     3.736     -7.25                                        
  5856.457 607.01314     2.781    -2.502               7.724          2012Qa0085
  5856.502 607.01314     2.136    -2.546               7.724          1609Ra0095
  5856.588 607.01314     2.808    -2.461               7.724          2012Ra0145
  5856.597      74.0     2.600     -1.60                                        
  5856.643 607.01214     2.899    -3.102               7.724          2012Rc0185
  5856.715 607.01314     2.119    -2.986               7.724          1609Ra0025
  5856.724 607.01314     1.281    -3.203               7.724          1105Pc0175
  5856.739 607.01314     2.769    -4.067               7.724          2012Pc0025
  5856.801 106.00112     2.740    -9.620               3.466          A-X 4 33.5
  5856.828 112.00124     0.659    -1.742               1.340          13R115b24 
  5856.881      20.0     5.485     -3.41                                        
  5856.882 607.01214     1.655    -3.744               7.724          0903Rc0625
  5856.948      64.1     1.133     -1.57                                        
  5856.954 607.01214     2.899    -2.067               7.724          2012Qa0195
  5856.984 607.01314     2.129    -2.900               7.724          1609Pb0065
  5856.988 607.01214     1.489    -3.120               7.724          1206Rd0095
  5856.992 607.01214     1.485    -3.133               7.724          1206Rd0085
  5857.004 607.01214     0.544    -3.860               7.724          0601Rc0345
  5857.022 607.01314     2.140    -2.339               7.724          1609Qb0095
  5857.032 607.01214     1.655    -1.820               7.724          0903Qa0635
  5857.042 607.01314     2.140    -3.022               7.724          1609Pd0105
  5857.045 607.01314     1.326    -2.294               7.724          1105Pb0225
  5857.091 607.01214     0.544    -2.357               7.724          0601Qa0355
  5857.110      58.0     0.520     -0.51                                        
  5857.166 607.01214     1.494    -3.112               7.724          1206Rd0105
  5857.174 607.01214     0.670    -2.552               7.724          0601Rb0415
  5857.176 607.01214     1.482    -3.150               7.724          1206Rd0075
  5857.205 607.01314     0.416    -2.482               7.724          0601Qb0265
  5857.213 607.01214     0.401    -4.642               7.724          0500Pc0405
  5857.247 607.01214     0.503    -4.094               7.724          0702Rd0005
  5857.248 607.01214     2.299    -2.103               7.724          1609Ra0255
  5857.254 607.01214     1.519    -3.506               7.724          0903Qc0575
  5857.259 106.00113     1.320    -6.355               3.466          B-X 4  5.5
  5857.270 607.01314     0.416    -3.785               7.724          0601Pd0275
  5857.279 607.01214     0.670    -3.672               7.724          0601Qd0425
  5857.325 607.01214     2.955    -2.923               7.724          2012Qd0255
  5857.351 607.01314     2.140    -2.503               7.724          1609Ra0105
  5857.356 112.00124     1.156    -1.571               1.340          02P236b24 
  5857.392 607.01214     1.520    -2.196               7.724          0903Pa0585
  5857.404      14.0     7.755     -4.57                                        
  5857.435 106.00113     1.912    -4.997               3.466          A-X 4 21.5
  5857.451      20.0     2.933      0.24                                 LAWLER 
  5857.455 607.01214     2.955    -2.232               7.724          2012Rb0245
  5857.455 607.01314     2.141    -2.045               7.724          1508Pb0335
  5857.500      60.1     1.489     -0.95                                 LAWLER 
  5857.527 607.01214     1.498    -3.107               7.724          1206Rd0115
  5857.539 607.01214     1.479    -3.173               7.724          1206Rd0065
  5857.573 106.00113     1.477    -8.461               3.466          A-X 3 18.5
  5857.577 607.01314     2.772    -3.038               7.724          2012Qc0045
  5857.591 607.01314     2.772    -3.226               7.724          2012Pa0055
  5857.619 106.00113     1.912    -6.906               3.466          A-X 4 21.5
  5857.638 607.01314     2.118    -3.081               7.724          1609Ra0015
  5857.643 607.01314     0.360    -2.922               7.724          0601Pb0215
  5857.683 106.00113     1.912    -4.981               3.466          A-X 4 20.5
  5857.743 112.00124     1.156    -4.415               1.340          02Q236b24 
  5857.746      28.0     4.164     -0.64                                        
  5857.747      76.0     1.907     -1.60                                        
  5857.802      26.0     5.029     -2.12                                        
  5857.915      23.0     3.111     -0.30                                        
  5857.917 607.01314     2.788    -2.793               7.724          2012Pb0095
  5857.954 112.00124     1.156    -1.558               1.340          02P136b24 
  5857.958 112.00124     0.645    -2.085               1.340          02R221b24 
  5857.958 607.01214     2.945    -2.222               7.724          2012Ra0245
  5857.966 607.01314     2.803    -2.296               7.724          2012Qb0125
  5857.984      27.0     4.229     -1.69                                        
  5857.998 607.01314     2.803    -3.094               7.724          2012Pd0135
  5858.073 607.01214     1.504    -3.105               7.724          1206Rd0125
  5858.079 607.01214     1.476    -3.205               7.724          1206Rd0055
  5858.107 607.01214     0.599    -3.491               7.724          0702Rd0205
  5858.116 112.00124     0.645    -4.549               1.340          02Q121b24 
  5858.117 607.01314     2.784    -3.068               7.724          2012Rc0085
  5858.132 607.01314     2.231    -3.128               7.724          1609Rd0235
  5858.139      58.0     0.398     -0.92                                        
  5858.140 607.01314     2.784    -2.445               7.724          2012Qa0095
  5858.148 607.01314     0.482    -4.490               7.724          0500Rc0455
  5858.158 607.01314     0.404    -3.746               7.724          0601Rc0255
  5858.163 607.01214     0.506    -3.495               7.724          0702Rb0025
  5858.171 607.01214     0.506    -3.333               7.724          0702Qd0035
  5858.186      24.0     4.093     -2.33                                        
  5858.220 607.01314     0.404    -2.483               7.724          0601Qa0265
  5858.224 607.01214     0.507    -3.365               7.724          0702Rb0035
  5858.235 607.01214     0.507    -3.270               7.724          0702Qd0045
  5858.259 607.01214     0.504    -3.669               7.724          0702Rb0015
  5858.260 607.01314     0.482    -2.806               7.724          0500Qa0465
  5858.265      26.0     2.431     -4.71                                        
  5858.265 607.01214     0.504    -3.422               7.724          0702Qd0025
  5858.266      42.0     1.469     -1.00                                        
  5858.417 607.01314     2.145    -2.463               7.724          1609Ra0115
  5858.444 607.01214     0.510    -3.260               7.724          0702Rb0045
  5858.457 607.01214     0.510    -3.224               7.724          0702Qd0055
  5858.477      22.0     1.429     -4.61                                        
  5858.511 607.01214     0.503    -3.945               7.724          0702Rb0005
  5858.515 607.01214     0.503    -3.550               7.724          0702Qd0015
  5858.535 607.01214     2.250    -3.012               7.724          1609Rc0195
  5858.536      22.0     3.580     -3.10                                        
  5858.546      58.1     1.278     -1.18                                 LAWLER 
  5858.565 112.00124     0.645    -2.068               1.340          02R121b24 
  5858.570 112.00124     0.858    -1.553               1.340          02Q228b24 
  5858.575 607.01214     2.250    -1.945               7.724          1609Qa0205
  5858.603   23.0051     1.948    -4.826                                 KURHFS 
  5858.609   23.0051     1.948    -4.563                                 KURHFS 
  5858.609   23.0051     1.948    -4.759                                 KURHFS 
  5858.609 607.01314     1.316    -2.858               7.724          1105Qc0215
  5858.619   23.0051     1.948    -4.359                                 KURHFS 
  5858.619   23.0051     1.948    -4.563                                 KURHFS 
  5858.619   23.0051     1.948    -5.458                                 KURHFS 
  5858.634   23.0051     1.948    -4.189                                 KURHFS 
  5858.634   23.0051     1.948    -4.458                                 KURHFS 
  5858.634   23.0051     1.948    -5.303                                 KURHFS 
  5858.655   23.0051     1.948    -4.043                                 KURHFS 
  5858.655   23.0051     1.948    -4.411                                 KURHFS 
  5858.655   23.0051     1.948    -5.303                                 KURHFS 
  5858.660 607.01314     1.316    -2.308               7.724          1105Pa0225
  5858.664      26.0     4.555     -2.81                                        
  5858.680   23.0051     1.948    -3.914                                 KURHFS 
  5858.680   23.0051     1.948    -4.417                                 KURHFS 
  5858.680   23.0051     1.948    -5.400                                 KURHFS 
  5858.711   23.0051     1.948    -3.798                                 KURHFS 
  5858.711   23.0051     1.948    -4.490                                 KURHFS 
  5858.711   23.0051     1.948    -5.604                                 KURHFS 
  5858.741 607.01214     2.858    -3.236               7.724          2012Pc0125
  5858.746   23.0051     1.948    -3.693                                 KURHFS 
  5858.746   23.0051     1.948    -4.701                                 KURHFS 
  5858.746   23.0051     1.948    -6.002                                 KURHFS 
  5858.761 112.00124     0.858    -5.479               1.340          02P128b24 
  5858.766 607.01214     0.792    -2.986               7.724          0500Rb0575
  5858.771 607.01314     2.814    -2.431               7.724          2012Ra0155
  5858.779      26.0     4.217     -2.26                                        
  5858.785 607.01314     2.117    -3.180               7.724          1609Ra0005
  5858.785 607.01314     2.173    -2.353               7.724          1609Rb0155
  5858.796 607.01214     1.474    -3.248               7.724          1206Rd0045
  5858.804 607.01214     1.509    -3.104               7.724          1206Rd0135
  5858.817 607.01314     2.173    -2.734               7.724          1609Qd0165
  5858.821 112.00124     0.858    -5.479               1.340          02R228b24 
  5858.824 607.01214     0.512    -3.171               7.724          0702Rb0055
  5858.839 607.01214     0.512    -3.189               7.724          0702Qd0065
  5858.848      24.0     2.707     -4.69                                        
  5858.891      60.0     1.350      0.55                                        
  5858.911 607.01214     0.792    -4.362               7.724          0500Qd0585
  5858.920 607.01214     0.503    -3.715               7.724          0702Qd0005
  5858.935      15.0     7.959     -3.54                                        
  5858.935 607.01314     0.385    -3.206               7.724          0500Pb0405
  5858.970 607.01314     2.835    -2.399               7.724          2012Rb0175
  5858.978      26.0     2.467     -8.61                                        
  5858.993 607.01314     2.770    -3.761               7.724          2012Pc0035
  5859.013 112.00124     0.858    -1.538               1.340          02Q128b24 
  5859.015 607.01314     2.835    -2.823               7.724          2012Qd0185
  5859.018      24.0     5.908     -1.10                                        
  5859.021      22.0     1.442     -4.50                                        
  5859.092 607.01214     2.916    -2.042               7.724          2012Qb0205
  5859.196 607.01214     2.199    -3.152               7.724          1609Pc0125
  5859.201      14.0     4.950     -3.10                                        
  5859.202 607.01214     2.218    -2.762               7.724          1609Qc0155
  5859.209 106.00113     1.390    -4.140               3.466          B-X 4  8.5
  5859.218      26.1     6.802     -4.17                                        
  5859.234      26.0     4.298     -3.91                                        
  5859.234 607.01214     2.218    -2.415               7.724          1609Pa0165
  5859.273 106.00113     1.390    -7.799               3.466          B-X 4  8.5
  5859.290      24.0     4.093     -4.35                                        
  5859.298 607.01214     2.916    -3.126               7.724          2012Pd0215
  5859.313 607.01314     2.886    -3.219               7.724          2012Rd0245
  5859.318 106.00113     1.788    -7.308               3.466          A-X 5 13.5
  5859.330 607.01314     0.497    -2.632               7.724          0601Ra0335
  5859.333 607.01314     0.316    -3.831               7.724          0601Pc0165
  5859.359 607.01214     0.561    -2.356               7.724          0601Qb0355
  5859.365 607.01214     0.516    -3.095               7.724          0702Rb0065
  5859.372      58.0     0.719     -0.32                                        
  5859.383 607.01214     0.516    -3.164               7.724          0702Qd0075
  5859.419      23.0     3.403     -4.30                                        
  5859.421 607.01214     0.503    -4.317               7.724          0500Qc0455
  5859.435 607.01314     1.381    -1.862               7.724          1105Qb0275
  5859.438 607.01314     2.775    -2.982               7.724          2012Qc0055
  5859.449 607.01214     0.561    -3.905               7.724          0601Pd0365
  5859.453 607.01314     2.775    -3.107               7.724          2012Pa0065
  5859.483 607.01314     2.145    -2.287               7.724          1609Qb0105
  5859.499 607.01314     1.381    -3.162               7.724          1105Pd0285
  5859.506 607.01314     2.145    -3.011               7.724          1609Pd0115
  5859.536 607.01214     0.503    -3.163               7.724          0500Pa0465
  5859.573 607.01314     0.512    -2.639               7.724          0601Rb0335
  5859.586      26.0     4.545     -0.39                                        
  5859.638      22.0     3.196     -1.24                                        
  5859.654 607.01314     0.512    -3.571               7.724          0601Qd0345
  5859.657 106.00113     1.390    -4.075               3.466          B-X 4  9.5
  5859.669      90.1     1.712     -1.82                                        
  5859.676      59.1     1.418     -0.15                                        
  5859.688 607.01214     0.468    -3.592               7.724          0601Qc0295
  5859.688 607.01214     1.472    -3.306               7.724          1206Rd0035
  5859.701 607.01314     2.149    -2.426               7.724          1609Ra0125
  5859.723 607.01214     1.516    -3.105               7.724          1206Rd0145
  5859.736 607.01314     1.369    -3.127               7.724          1105Rc0265
  5859.753      22.0     3.334     -2.78                                        
  5859.753 607.01314     0.350    -3.478               7.724          0601Qc0205
  5859.758 106.00112     1.919    -4.997               3.466          A-X 4 21.5
  5859.763 607.01214     0.468    -2.770               7.724          0601Pa0305
  5859.793 607.01214     2.877    -2.844               7.724          2012Qc0155
  5859.797 607.01314     1.369    -1.863               7.724          1105Qa0275
  5859.804 607.01314     0.350    -2.937               7.724          0601Pa0215
  5859.849 607.01314     2.132    -2.822               7.724          1609Pb0075
  5859.869 607.01214     0.991    -4.731               7.724          0500Rd0655
  5859.873      26.1     6.802     -3.69                                        
  5859.917 607.01314     2.119    -3.170               7.724          1609Rc0015
  5859.925 607.01314     2.118    -3.225               7.724          1609Rc0005
  5859.925 607.01314     2.119    -3.002               7.724          1609Qa0025
  5859.928 607.01314     2.118    -3.256               7.724          1609Qa0015
  5859.957      26.0     4.188     -3.93                                        
  5859.967 106.00112     1.919    -6.906               3.466          A-X 4 21.5
  5859.972 607.01214     0.609    -3.497               7.724          0702Rd0215
  5860.009 112.00124     1.396    -1.775               1.340          03R239b24 
  5860.017 106.00112     1.919    -4.981               3.466          A-X 4 20.5
  5860.020      23.0     1.941     -5.68                                        
  5860.029 607.01314     2.788    -3.059               7.724          2012Rc0095
  5860.054 607.01314     2.788    -2.393               7.724          2012Qa0105
  5860.069 607.01214     0.519    -3.028               7.724          0702Rb0075
  5860.074      26.0     4.984     -3.59                                        
  5860.090 607.01214     0.519    -3.145               7.724          0702Qd0085
  5860.123      26.0     4.952     -4.16                                        
  5860.125      26.0     4.188     -3.07                                        
  5860.134 607.01314     2.120    -3.120               7.724          1609Rc0025
  5860.141 607.01314     2.120    -2.842               7.724          1609Qa0035
  5860.148 607.01214     1.477    -3.225               7.724          1004Qc0455
  5860.164 112.00124     1.396    -1.818               1.340          03R139b24 
  5860.194 607.01314     2.088    -3.191               7.724          1508Pc0295
  5860.196 112.00124     1.396    -6.224               1.340          03Q139b24 
  5860.196 607.01214     2.877    -2.511               7.724          2012Pa0165
  5860.197 607.01214     0.503    -3.715               7.724          0702Qb0005
  5860.200 607.01214     0.503    -4.017               7.724          0702Pd0015
  5860.221 112.00124     0.578    -3.751               1.340          13R110b24 
  5860.257 607.01214     1.477    -2.096               7.724          1004Pa0465
  5860.264      67.0     0.000     -1.19                                        
  5860.274      62.1     0.884     -2.49                                        
  5860.280 607.01214     2.233    -2.359               7.724          1609Pb0175
  5860.312      20.0     5.295     -2.82                                        
  5860.335      22.0     3.713     -3.33                                        
  5860.388 106.00112     1.431    -7.357               3.466          B-X 3 16.5
  5860.412 607.01314     0.637    -3.014               7.724          0500Rb0525
  5860.484 607.01214     0.640    -2.775               7.724          0500Qb0515
  5860.504      27.0     3.407     -4.04                                        
  5860.540 607.01314     0.637    -4.293               7.724          0500Qd0535
  5860.572 607.01314     0.298    -4.554               7.724          0500Pc0355
  5860.577 607.01314     2.121    -3.079               7.724          1609Rc0035
  5860.585 607.01314     2.121    -2.720               7.724          1609Qa0045
  5860.614 607.01214     0.640    -4.623               7.724          0500Pd0525
  5860.655      76.0     1.613     -2.49                                        
  5860.727      64.1     1.059     -1.56                                        
  5860.754 607.01214     1.471    -3.390               7.724          1206Rd0025
  5860.761 607.01214     1.906    -3.020               7.724          0600Qb0905
  5860.765      62.0     0.387     -1.21                                        
  5860.796      71.0     2.753     -0.19                                        
  5860.811 607.01214     2.321    -2.096               7.724          1609Rb0265
  5860.831 607.01214     1.522    -3.108               7.724          1206Rd0155
  5860.835 607.01214     2.268    -1.920               7.724          1609Qb0215
  5860.864 607.01214     2.321    -2.820               7.724          1609Qd0275
  5860.875      22.1     1.571     -4.79                                        
  5860.879 607.01214     2.268    -3.048               7.724          1609Pd0225
  5860.891 607.01214     1.521    -5.378               7.724          0600Pc0805
  5860.901      20.0     5.296     -2.59                                        
  5860.938 607.01214     0.523    -2.968               7.724          0702Rb0085
  5860.944      63.0     2.409     -0.17                                        
  5860.961 607.01214     0.524    -3.132               7.724          0702Qd0095
  5860.986 607.01214     1.906    -5.316               7.724          0600Pd0915
  5860.998 106.00113     1.478    -8.406               3.466          A-X 3 18.5
  5860.998 607.01214     1.389    -3.273               7.724          1105Pc0255
  5861.041 607.01214     0.670    -2.536               7.724          0601Ra0425
  5861.055 607.01214     2.908    -3.111               7.724          2012Rc0195
  5861.056 106.00113     1.789    -7.268               3.466          A-X 5 13.5
  5861.067 607.01214     0.504    -3.476               7.724          0702Qb0015
  5861.074 607.01214     0.504    -3.788               7.724          0702Pd0025
  5861.109      26.0     4.280     -2.45                                        
  5861.128      22.0     2.576     -2.48                                        
  5861.174 607.01314     2.808    -2.257               7.724          2012Qb0135
  5861.178 607.01314     2.821    -2.403               7.724          2012Ra0165
  5861.194 607.01314     2.155    -2.392               7.724          1609Ra0135
  5861.205      21.1     7.217     -3.20                                        
  5861.208 607.01314     2.808    -3.092               7.724          2012Pd0145
  5861.209 607.01314     2.241    -3.136               7.724          1609Rd0245
  5861.242 607.01314     2.124    -3.047               7.724          1609Rc0045
  5861.252 607.01314     2.124    -2.621               7.724          1609Qa0055
  5861.315 106.00112     2.528    -7.848               3.466          A-X 5 26.5
  5861.318 607.01214     2.908    -2.042               7.724          2012Qa0205
  5861.366 607.01214     0.483    -2.763               7.724          0601Pb0305
  5861.373      42.0     3.245     -1.32                                        
  5861.383 106.00112     2.528    -4.492               3.466          A-X 5 27.5
  5861.401      21.1     7.217     -3.89                                        
  5861.417      24.0     5.651     -1.84                                        
  5861.423 607.01314     2.793    -2.738               7.724          2012Pb0105
  5861.433 607.01314     2.180    -2.322               7.724          1609Rb0165
  5861.446      23.0     4.587     -2.94                                        
  5861.450 607.01214     2.891    -2.454               7.724          2012Pb0175
  5861.466 607.01314     2.180    -2.737               7.724          1609Qd0175
  5861.485 607.01314     2.772    -3.594               7.724          2012Pc0045
  5861.491 106.00112     2.528    -4.414               3.466          A-X 5 26.5
  5861.535 607.01314     2.777    -2.940               7.724          2012Qc0065
  5861.546      24.0     5.235     -3.52                                        
  5861.553 607.01314     2.778    -3.009               7.724          2012Pa0075
  5861.558 106.00112     2.528    -6.711               3.466          A-X 5 27.5
  5861.736 607.01214     2.310    -2.086               7.724          1609Ra0265
  5861.784 607.01214     0.792    -2.975               7.724          0500Ra0585
  5861.786      25.0     3.768     -7.25                                        
  5861.810 106.00112     1.483    -8.460               3.466          A-X 3 18.5
  5861.812      24.0     3.553     -3.69                                        
  5861.873 607.01214     0.416    -3.919               7.724          0601Pc0255
  5861.973 607.01214     0.528    -2.914               7.724          0702Rb0095
  5861.993 607.01214     1.470    -3.516               7.724          1206Rd0015
  5861.999 607.01214     0.528    -3.124               7.724          0702Qd0105
  5862.001 607.01214     0.840    -4.073               7.724          0601Rd0505
  5862.005      24.0     5.460     -4.21                                        
  5862.018 607.01214     0.619    -3.504               7.724          0702Rd0225
  5862.094 607.01214     0.506    -3.290               7.724          0702Qb0025
  5862.103 607.01214     0.506    -3.661               7.724          0702Pd0035
  5862.128 607.01214     1.529    -3.112               7.724          1206Rd0165
  5862.130      24.0     5.235     -4.07                                        
  5862.131 607.01314     2.126    -3.022               7.724          1609Rc0055
  5862.138 607.01314     1.289    -3.205               7.724          1105Pc0185
  5862.139 607.01314     2.126    -2.537               7.724          1609Qa0065
  5862.139 607.01314     2.149    -2.240               7.724          1609Qb0115
  5862.157 607.01314     2.149    -3.004               7.724          1609Pd0125
  5862.171 607.01314     2.793    -3.054               7.724          2012Rc0105
  5862.199 607.01314     2.793    -2.346               7.724          2012Qa0115
  5862.210 607.01314     2.119    -3.345               7.724          1609Qc0015
  5862.215 607.01314     2.119    -3.837               7.724          1609Pa0025
  5862.221 607.01214     1.831    -2.049               7.724          0903Rb0685
  5862.227      26.0     3.637     -4.23                                        
  5862.241 607.01314     0.428    -2.464               7.724          0601Qb0275
  5862.301 607.01314     2.842    -2.372               7.724          2012Rb0185
  5862.308 607.01314     0.428    -3.794               7.724          0601Pd0285
  5862.311      22.0     3.109     -2.45                                        
  5862.348 607.01314     2.842    -2.828               7.724          2012Qd0195
  5862.357      26.0     4.545     -0.05                                        
  5862.366 106.00112     1.793    -7.307               3.466          A-X 5 13.5
  5862.377      23.0     3.111     -2.71                                        
  5862.385 607.01214     1.831    -3.533               7.724          0903Qd0695
  5862.457 607.01314     2.141    -2.879               7.724          1508Qc0335
  5862.467      26.0     5.330     -3.53                                        
  5862.492      58.0     0.517     -0.19                                        
  5862.527 607.01314     2.141    -2.036               7.724          1508Pa0345
  5862.563      24.0     3.665     -3.09                                        
  5862.565 607.01214     1.906    -5.209               7.724          0600Rc0905
  5862.666      24.0     3.123     -3.26                                        
  5862.692 607.01314     1.336    -2.272               7.724          1105Pb0235
  5862.743 607.01214     0.504    -4.017               7.724          0702Pb0015
  5862.768      24.0     3.553     -2.17                                        
  5862.769      23.1     2.466     -3.66                                        
  5862.776      24.0     1.029     -9.92                                        
  5862.782      24.0     3.889     -4.00                                        
  5862.791 607.01214     1.906    -3.013               7.724          0600Qa0915
  5862.846 607.01314     0.416    -3.755               7.724          0601Rc0265
  5862.874 607.01214     2.259    -3.019               7.724          1609Rc0205
  5862.884 607.01314     0.370    -2.899               7.724          0601Pb0225
  5862.889      26.0     4.206     -4.36                                        
  5862.909 607.01314     2.136    -2.754               7.724          1609Pb0085
  5862.909 607.01314     2.161    -2.359               7.724          1609Ra0145
  5862.912 607.01314     0.416    -2.465               7.724          0601Qa0275
  5862.913      24.0     5.235     -3.77                                        
  5862.915 607.01214     2.259    -1.921               7.724          1609Qa0215
  5862.945 607.01314     0.503    -2.806               7.724          0500Qb0465
  5862.971 607.01314     2.766    -3.268               7.724          1911Pc0315
  5862.988 607.01314     2.896    -3.224               7.724          2012Rd0255
  5863.043 607.01314     0.385    -4.234               7.724          0500Qc0405
  5863.059 607.01314     0.503    -4.544               7.724          0500Pd0475
  5863.111   23.0051     2.121    -3.899                                 KURHFS 
  5863.114   23.0051     2.121    -3.614                                 KURHFS 
  5863.114   23.0051     2.121    -3.869                                 KURHFS 
  5863.121   23.0051     2.121    -3.426                                 KURHFS 
  5863.121   23.0051     2.121    -3.869                                 KURHFS 
  5863.121   23.0051     2.121    -3.920                                 KURHFS 
  5863.125 607.01214     1.709    -3.409               7.724          0600Pb0855
  5863.130   23.0051     2.121    -3.335                                 KURHFS 
  5863.130   23.0051     2.121    -3.481                                 KURHFS 
  5863.130   23.0051     2.121    -4.045                                 KURHFS 
  5863.142 607.01314     0.385    -3.199               7.724          0500Pa0415
  5863.143   23.0051     2.121    -3.226                                 KURHFS 
  5863.143   23.0051     2.121    -3.313                                 KURHFS 
  5863.143   23.0051     2.121    -4.267                                 KURHFS 
  5863.159   23.0051     2.121    -3.028                                 KURHFS 
  5863.159   23.0051     2.121    -3.367                                 KURHFS 
  5863.159   23.0051     2.121    -4.677                                 KURHFS 
  5863.177 607.01214     0.533    -2.865               7.724          0702Rb0105
  5863.178   23.0051     2.121    -2.864                                 KURHFS 
  5863.178   23.0051     2.121    -3.563                                 KURHFS 
  5863.200   23.0051     2.121    -2.723                                 KURHFS 
  5863.205 607.01214     0.533    -3.118               7.724          0702Qd0115
  5863.231 607.01214     1.397    -3.543               7.724          1004Pc0415
  5863.232 112.00124     0.794    -1.270               1.340          13Q221b24 
  5863.243 607.01314     2.129    -3.003               7.724          1609Rc0065
  5863.255 607.01314     2.129    -2.465               7.724          1609Qa0075
  5863.277 607.01214     0.507    -3.149               7.724          0702Qb0035
  5863.288 607.01214     0.507    -3.577               7.724          0702Pd0045
  5863.330      60.1     1.356     -1.34                                 LAWLER 
  5863.351 607.01314     2.120    -3.136               7.724          1609Qc0025
  5863.351 607.01314     2.120    -3.487               7.724          1609Pa0035
  5863.380 112.00124     0.794    -4.860               1.340          13P121b24 
  5863.389 607.01214     1.419    -3.837               7.724          0903Pc0535
  5863.404 607.01214     1.469    -3.744               7.724          1206Rd0005
  5863.406      92.0     0.870     -1.77                                        
  5863.449      24.0     3.123     -2.39                                        
  5863.476      26.0     4.987     -3.62                                        
  5863.536 607.01214     2.864    -3.227               7.724          2012Pc0135
  5863.556 112.00124     0.794    -4.859               1.340          13R221b24 
  5863.559 607.01214     0.640    -4.569               7.724          0500Rc0515
  5863.617 607.01214     1.537    -3.117               7.724          1206Rd0175
  5863.622      26.0     5.337     -2.93                                        
  5863.624 607.01214     2.225    -2.765               7.724          1609Qc0165
  5863.635 607.01214     0.561    -3.868               7.724          0601Rc0355
  5863.658 607.01214     2.225    -2.381               7.724          1609Pa0175
  5863.671   57.1139     0.926    -4.166                                 LAWLER 
  5863.674   57.1139     0.926    -3.761                                 LAWLER 
  5863.677   57.1139     0.926    -3.550                                 LAWLER 
  5863.679   57.1139     0.926    -3.441                                 LAWLER 
  5863.682   57.1139     0.926    -2.952                                 LAWLER 
  5863.682   57.1139     0.926    -3.419                                 LAWLER 
  5863.683   57.1139     0.926    -2.747                                 LAWLER 
  5863.684   57.1139     0.926    -2.681                                 LAWLER 
  5863.684   57.1139     0.926    -3.529                                 LAWLER 
  5863.685   57.1139     0.926    -2.685                                 LAWLER 
  5863.686   57.1139     0.926    -2.746                                 LAWLER 
  5863.687   57.1139     0.926    -2.868                                 LAWLER 
  5863.687   57.1139     0.926    -3.051                                 LAWLER 
  5863.689   57.1139     0.926    -3.197                                 LAWLER 
  5863.689 607.01214     0.640    -2.766               7.724          0500Qa0525
