Ba 6141 +/-10 A
  6131.744      24.1     6.163    -2.908
  6131.756 106.00113     1.758    -4.437               3.456
  6131.764      24.0     5.464    -3.027
  6131.768      14.0     5.082    -3.621
  6131.851     607.0     1.304    -3.520               7.650
  6131.852      14.0     5.616    -1.615
  6131.923    25.1      10.186     0.050
  6131.964      90.1     0.971    -2.387
  6132.008      58.1     1.837     -0.92                                        
  6132.068      21.0     3.865    -3.038
  6132.075 106.00113     1.456    -4.875               3.456
  6132.139 106.00113     1.758    -4.398               3.456
  6132.256      69.1     3.936    -2.180
  6132.280      14.0     5.954    -2.903
  6132.303      24.0     5.749    -2.794
  6132.369 106.00113     1.809    -4.997               3.456
  6132.380      27.0     3.775    -1.530
  6132.400     607.0     1.486    -2.910               7.650
  6132.401     607.0     0.996    -3.148               7.650
  6132.410 106.00113     1.809    -4.997               3.456
  6132.410     607.0     0.996    -2.983               7.650
  6132.436 106.00113     1.456    -4.832               3.456
  6132.444      24.1     9.227    -2.187
  6132.452      23.1     2.556    -4.458
  6132.477     607.0     0.995    -3.322               7.650
  6132.482      25.1     6.573    -3.160
  6132.482     607.0     0.998    -3.018               7.650
  6132.484     607.0     0.995    -3.071               7.650
  6132.493     607.0     0.998    -2.919               7.650
  6132.585      26.1     8.608    -2.511
  6132.606      21.0     3.887    -2.534
  6132.620      92.0     1.402    -0.806
  6132.621     607.0     1.486    -4.531               7.650
  6132.677      20.0     6.035    -4.036
  6132.730      23.0     2.565    -1.886
  6132.741     607.0     1.000    -2.913               7.650
  6132.745     607.0     0.994    -3.597               7.650
  6132.749     607.0     0.994    -3.200               7.650
  6132.755     607.0     1.000    -2.873               7.650
  6132.764      20.0     6.035    -3.601
  6132.784      22.0     3.409    -0.799
  6132.802      24.0     3.966    -3.243
  6132.810     607.0     1.159    -2.010               7.650
  6132.817      22.0     3.441    -2.205
  6132.839 106.00112     2.249    -4.478               3.456
  6132.888 106.00113     3.567    -4.598               3.456
  6132.921     607.0     1.159    -3.115               7.650
  6132.929 106.00113     3.567    -4.587               3.456
  6132.956      70.1     7.707    -0.710
  6133.140 106.00112     2.249    -4.466               3.456
  6133.177     607.0     1.003    -2.825               7.650
  6133.179     607.0     0.993    -3.366               7.650
  6133.194     607.0     1.003    -2.838               7.650
  6133.212      14.0     5.863    -2.109
  6133.245 106.00113     2.232    -4.659               3.456
  6133.252      69.1     1.111    -3.300
  6133.362 106.00113     2.232    -4.641               3.456
  6133.364     607.0     1.088    -3.150               7.650
  6133.450      60.1     1.794     -0.80                                 LAWLER 
  6133.460 106.00112     1.816    -4.927               3.456
  6133.486     607.0     0.997    -3.371               7.650
  6133.513      23.0     2.130    -3.995
  6133.546      22.1     8.132    -3.693
  6133.546 106.00113     1.758    -4.437               3.456
  6133.564      70.1     7.003    -2.120
  6133.576      69.1     5.104    -0.670
  6133.580      60.1     1.853     -0.82                                 LAWLER 
  6133.587     607.0     0.961    -3.013               7.650
  6133.595      21.1     8.244    -4.563
  6133.599 106.00112     1.816    -4.927               3.456
  6133.610     607.0     0.997    -2.215               7.650
  6133.644      66.0     1.251    -1.048
  6133.667     607.0     0.961    -2.195               7.650
  6133.766     607.0     1.277    -4.757               7.650
  6133.780 106.00113     1.758    -4.398               3.456
  6133.789     607.0     1.006    -2.749               7.650
  6133.809     607.0     1.006    -2.812               7.650
  6133.814      69.1     3.783    -2.760
  6133.841      26.0     5.273    -4.348
  6133.957      60.1     0.859     -1.86                                        
  6133.963      28.0     4.088    -1.830
  6133.971     607.0     1.277    -2.645               7.650
  6134.013      20.0     6.035    -3.964
  6134.140     607.0     1.052    -1.796               7.650
  6134.143      24.0     4.824    -3.223
  6134.224      23.0     1.218    -3.323
  6134.235     607.0     1.052    -3.319               7.650
  6134.295      70.1     5.921    -0.860
  6134.374      22.1     6.506    -3.849
  6134.393      57.0     0.896     -1.01                                        
  6134.465      24.1     6.578    -2.735
  6134.506      27.0     4.064    -3.184
  6134.526      20.0     5.585    -3.990
  6134.556     607.0     0.994    -3.366               7.650
  6134.560     607.0     0.994    -3.667               7.650
  6134.580      42.0     3.675    -1.570
  6134.585      40.0     0.000     -1.28                                        
  6134.590     607.0     1.010    -2.682               7.650
  6134.612     607.0     1.010    -2.794               7.650
  6134.679      23.1     2.557    -2.860
  6134.826      23.0     2.565    -2.489
  6134.827      14.0     5.964    -3.091
  6134.999 106.00112     1.817    -4.743               3.456
  6134.999      39.0     2.121     -0.23                                        
  6135.033      20.0     5.586    -3.572
  6135.033      14.0     5.619    -3.238
  6135.060      23.0     1.351    -1.790
  6135.092     607.0     1.486    -2.903               7.650
  6135.101 106.00112     1.817    -4.743               3.456
  6135.109     607.0     1.206    -2.115               7.650
  6135.177     607.0     1.388    -2.367               7.650
  6135.198      26.0     5.314    -1.980
  6135.284     607.0     1.206    -4.101               7.650
  6135.360     607.0     0.910    -3.336               7.650
  6135.361      23.0     1.051    -0.746
  6135.369     607.0     1.388    -3.880               7.650
  6135.370     607.0     0.975    -2.188               7.650
  6135.425      70.1     5.910    -3.110
  6135.457      58.0     0.956     -0.73                                        
  6135.476     607.0     1.097    -3.158               7.650
  6135.494     607.0     0.995    -3.126               7.650
  6135.500     607.0     0.995    -3.437               7.650
  6135.565      58.0     1.727     -0.16                                        
  6135.569     607.0     1.014    -2.623               7.650
  6135.594     607.0     1.014    -2.780               7.650
  6135.613      24.0     5.749    -3.302
  6135.623     607.0     1.281    -2.093               7.650
  6135.680      72.1     2.211    -2.860
  6135.711      23.0     1.195    -4.272
  6135.771      56.1     6.119     -1.02                                        
  6135.780     607.0     1.281    -3.453               7.650
  6135.782      24.0     4.824    -1.157
  6135.787      26.0     4.991    -1.53
  6135.798 106.00112     1.598    -4.844               3.456
  6135.869      62.0     1.369    -0.471
  6135.892 106.00113     2.204    -4.494               3.456
  6135.896      23.0     1.711    -4.621
  6135.936      24.0     4.855    -4.323
  6135.986      14.0     5.863    -4.324
  6136.073     607.0     1.131    -1.852               7.650
  6136.099 106.00112     1.455    -4.875               3.456
  6136.165      26.0     5.320    -3.942
  6136.213     607.0     1.131    -3.668               7.650
  6136.227 106.00112     2.250    -4.478               3.456
  6136.245      26.0     5.273    -3.686
  6136.257 106.00112     2.250    -4.466               3.456
  6136.306 106.00113     2.204    -4.481               3.456
  6136.310 106.00112     1.598    -4.844               3.456
  6136.336      22.1     8.114    -2.540
  6136.337      24.0     5.465    -3.422
  6136.396 106.00112     1.456    -4.832               3.456
  6136.442      21.0     3.870    -2.845
  6136.509 106.00112     1.598    -4.787               3.456
  6136.533      14.0     5.964    -3.158
  6136.551      14.0     5.863    -3.212
  6136.611      22.0     2.154    -3.469
  6136.615    26.0       2.452    -1.400
  6136.617     607.0     0.996    -2.941               7.650
  6136.626     607.0     0.996    -3.309               7.650
  6136.628      24.0     6.164    -2.300
  6136.718     607.0     1.018    -2.570               7.650
  6136.745     607.0     1.018    -2.771               7.650
  6136.881      69.1     3.884    -2.890
  6136.916 106.00113     2.221    -4.475               3.456
  6136.950 106.00112     1.598    -4.787               3.456
  6136.977      24.1     9.214    -2.406
  6136.995    26.0       2.196    -2.950
  6137.048 106.00113     2.221    -4.454               3.456
  6137.052      22.0     3.441    -3.325
  6137.135      21.0     1.851    -4.905
  6137.142      24.1     9.229    -4.232
  6137.172      23.0     2.608    -3.641
  6137.213      69.1     4.459    -1.560
  6137.282      26.0     4.580    -2.290
  6137.289     607.0     0.995    -3.667               7.650
  6137.350      14.0     5.984    -4.610
  6137.402 106.00112     1.758    -4.437               3.456
  6137.420      22.0     3.176    -1.959
  6137.437     607.0     1.206    -4.100               7.650
  6137.465      26.0     4.301    -3.871
  6137.498      26.0     3.332    -3.34
  6137.579      23.0     3.567    -2.945
  6137.586      22.0     3.186    -2.165
  6137.612     607.0     1.206    -2.108               7.650
  6137.647 106.00112     1.758    -4.398               3.456
  6137.692    26.0       2.586    -1.403
  6137.700      22.1     8.108    -2.678
  6137.711 106.00112     1.456    -4.875               3.456
  6137.753      24.1     9.105    -2.364
  6137.774     607.0     1.107    -3.166               7.650
  6137.789      22.0     3.215    -1.233
  6137.821      21.0     3.878    -2.676
  6137.866 106.00112     1.456    -4.832               3.456
  6137.912     607.0     0.998    -2.800               7.650
  6137.924     607.0     0.998    -3.225               7.650
  6137.966      69.1     5.151    -2.610
  6137.994      23.0     2.332    -2.610
  6138.062      62.0     1.473    -0.456
  6138.062     607.0     1.023    -2.521               7.650
  6138.092     607.0     1.023    -2.765               7.650
  6138.115     607.0     1.388    -2.359               7.650
  6138.162      28.0     5.280    -3.707
  6138.211      26.1     9.654    -2.993
  6138.214      22.0     3.424    -3.429
  6138.303 106.00112     1.809    -4.997               3.456
  6138.344 106.00112     1.809    -4.997               3.456
  6138.383      24.0     5.094    -0.949
  6138.400      70.1     8.380    -2.100
  6138.412 106.00112     2.232    -4.641               3.456
  6138.416      22.0     2.154    -1.938
  6138.435      39.0     0.066     -1.86                                        
  6138.469 106.00112     2.232    -4.659               3.456
  6138.515      14.0     5.984    -1.45
  6138.545      92.0     1.325    -1.250
  6138.655    18.1      17.743    -1.570
  6138.721      24.1     6.484    -2.159
  6138.738     607.0     1.052    -3.315               7.650
  6138.834     607.0     1.052    -1.783               7.650
  6138.845      69.1     5.004    -2.870
  6138.887      26.0     4.966    -5.101
  6138.902 106.00113     1.703    -4.469               3.456
  6138.972      22.0     3.921    -2.879
  6138.985 106.00113     2.205    -4.494               3.456
  6138.999     607.0     1.281    -2.083               7.650
  6139.032     607.0     1.476    -3.844               7.650
  6139.151 106.00113     2.205    -4.481               3.456
  6139.177 106.00113     1.703    -4.443               3.456
  6139.196 106.00112     1.758    -4.437               3.456
  6139.211     607.0     1.131    -3.666               7.650
  6139.279      62.0     1.624    -0.307
  6139.283      69.1     4.435    -2.190
  6139.291 106.00112     1.758    -4.398               3.456
  6139.341      42.0     2.836    -2.403
  6139.344      24.0     5.466    -3.079
  6139.351     607.0     1.131    -1.843               7.650
  6139.370     607.0     1.000    -2.686               7.650
  6139.385     607.0     1.000    -3.165               7.650
  6139.438      23.0     1.712    -4.907
  6139.445 106.00113     2.234    -4.641               3.456
  6139.593     607.0     1.029    -2.477               7.650
  6139.601     607.0     0.996    -3.388               7.650
  6139.625     607.0     1.029    -2.762               7.650
  6139.639      26.0     5.064    -2.180
  6139.644      26.0     2.588    -5.33
  6139.705 106.00113     1.806    -4.905               3.456
  6139.728      21.0     3.807    -3.684
  6139.792 106.00113     2.234    -4.659               3.456
  6139.853     607.0     1.326    -3.526               7.650
  6139.861      26.0     4.256    -3.637
  6139.947      23.0     3.239    -1.353
  6139.947      69.1     2.725    -3.070
  6139.987     607.0     1.114    -2.992               7.650
  6139.992      23.0     3.647    -4.321
  6139.999 106.00113     1.806    -4.733               3.456
  6140.037     607.0     1.159    -1.996               7.650
  6140.064      73.0     3.251    -0.530
  6140.115      69.1     4.571    -1.490
  6140.141      26.0     5.345    -4.092
  6140.190     607.0     1.018    -2.212               7.650
  6140.270     607.0     1.118    -3.173               7.650
  6140.486      24.0     3.888    -3.118
  6140.501     607.0     1.178    -2.000               7.650
  6140.535      40.0     0.519     -1.41                                        
  6140.556      70.1     5.910    -3.290
  6140.599      62.0     1.912     0.064
  6140.614     607.0     1.178    -3.123               7.650
  6140.618      25.0     4.360    -3.953
  6140.739      71.0     2.661    -0.860
  6140.818     607.0     0.916    -3.694               7.650
  6141.006     607.0     1.003    -2.591               7.650
  6141.023     607.0     1.003    -3.121               7.650
  6141.032     607.0     0.975    -3.021               7.650
  6141.051      70.1     7.005    -3.410
  6141.092      69.1     4.904    -2.740
  6141.114     607.0     0.975    -2.179               7.650
  6141.154      24.0     3.887    -3.223
  6141.215      26.0     5.334    -4.092
  6141.236      26.0     5.319    -2.880
  6141.248      27.1     8.594    -3.767
  6141.303     607.0     1.066    -2.463               7.650
  6141.314     607.0     1.034    -2.436               7.650
  6141.338 106.00112     2.204    -4.494               3.456
  6141.350     607.0     1.034    -2.762               7.650
  6141.384      23.1     2.601    -4.871
  6141.461      24.0     5.749    -3.459
  6141.516      22.1     8.116    -0.325
  6141.538      59.1     1.163    -0.823
  6141.580 106.00113     2.223    -4.454               3.456
  6141.581      20.0     5.321    -2.497
  6141.597      26.0     4.186    -3.537
  6141.631      42.0     2.758    -2.549
  6141.640      22.0     2.487    -4.606
  6141.648 106.00112     2.204    -4.481               3.456
  6141.725   56.1135     0.704    -2.456                                 GALLAG 
  6141.725   56.1137     0.704    -2.456                                 GALLAG 
  6141.727   56.1135     0.704    -1.311                                 GALLAG 
  6141.727   56.1137     0.704    -1.311                                 GALLAG 
  6141.728   56.1135     0.704    -2.284                                 GALLAG 
  6141.728   56.1137     0.704    -2.284                                 GALLAG 
  6141.729   56.1135     0.704    -0.503                                 GALLAG 
  6141.729   56.1135     0.704    -1.214                                 GALLAG 
  6141.729   56.1137     0.704    -0.503                                 GALLAG 
  6141.729   56.1137     0.704    -1.214                                 GALLAG 
  6141.730   56.1134     0.704    -0.077                                 GALLAG 
  6141.730   56.1136     0.704    -0.077                                 GALLAG 
  6141.730   56.1138     0.704    -0.077                                 GALLAG 
  6141.731   56.1135     0.704    -0.709                                 GALLAG 
  6141.731   56.1135     0.704    -1.327                                 GALLAG 
  6141.731   56.1137     0.704    -0.709                                 GALLAG 
  6141.731   56.1137     0.704    -1.327                                 GALLAG 
  6141.732    26.0       3.600    -1.459
  6141.732   56.1135     0.704    -0.959                                 GALLAG 
  6141.732   56.1135     0.704    -1.281                                 GALLAG 
  6141.732   56.1137     0.704    -0.959                                 GALLAG 
  6141.733   56.1137     0.704    -1.281                                 GALLAG 
  6141.734      22.0     3.323    -3.513
  6141.738      69.1     4.081    -1.730
  6141.747     607.0     1.069    -1.783               7.650
  6141.757      21.0     5.826    -2.642
  6141.769      24.0     4.204    -2.491
  6141.778     607.0     1.749    -4.909               7.650
  6141.814 106.00113     2.223    -4.475               3.456
  6141.836      24.0     3.887    -2.739
  6141.845     607.0     1.069    -3.327               7.650
  6141.853     607.0     1.620    -4.263               7.650
  6141.893      23.0     1.081    -3.784
  6142.027      28.0     4.154    -1.944
  6142.079     607.0     0.998    -3.212               7.650
  6142.199 106.00112     2.221    -4.454               3.456
  6142.204      14.0     5.619    -2.597
  6142.210 106.00112     2.221    -4.475               3.456
  6142.237      24.0     3.888    -2.551
  6142.346 106.00113     1.704    -4.469               3.456
  6142.350      25.0     5.673    -2.769
  6142.356      69.1     4.744    -1.230
  6142.376 106.00113     1.704    -4.443               3.456
  6142.410      24.0     4.207    -4.273
  6142.483      14.0     5.619    -1.59
  6142.503      22.0     3.154    -3.064
  6142.536      24.0     3.889    -3.632
  6142.546      41.0     1.847    -1.430
  6142.777      24.0     5.094    -1.656
  6142.823     607.0     1.006    -2.510               7.650
  6142.825      23.0     4.232    -4.369
  6142.836      70.1     6.586    -0.980
  6142.842     607.0     1.006    -3.089               7.650
  6142.853     607.0     1.114    -4.479               7.650
  6142.919      24.0     3.888    -2.907
  6142.928      58.0     0.552     -0.99                                        
  6143.005     607.0     1.129    -3.182               7.650
  6143.006      25.1     6.834    -2.796
  6143.026      26.1     7.558    -4.558
  6143.045     607.0     1.114    -2.987               7.650
  6143.063    10.0      16.619    -0.098
  6143.101     607.0     0.922    -3.344               7.650
  6143.125      14.0     5.964    -2.282
  6143.126     607.0     0.990    -2.172               7.650
  6143.227     607.0     1.041    -2.398               7.650
  6143.252     607.0     0.936    -4.139               7.650
  6143.252      40.0     0.071     -1.10                                        
  6143.264     607.0     1.041    -2.763               7.650
  6143.320      24.0     4.778    -2.634
  6143.350      22.0     3.090    -2.326
  6143.369     607.0     0.962    -4.804               7.650
  6143.376      58.1     1.694     -0.80                                        
  6143.378      26.0     5.086    -3.132
  6143.486 106.00113     2.160    -4.514               3.456
  6143.622      62.0     1.669    -0.439
  6143.624      26.0     5.100    -3.134
  6143.667      22.0     3.570    -3.726
  6143.686      26.0     4.985    -3.485
  6143.746      27.0     3.732    -1.690
  6143.901 106.00113     2.160    -4.498               3.456
  6143.904      28.0     5.303    -3.253
  6143.916      74.0     2.787    -1.370
  6143.922      24.0     3.889    -2.438
  6144.158     607.0     1.018    -3.378               7.650
  6144.277      26.0     5.320    -2.733
  6144.285     607.0     1.018    -2.205               7.650
  6144.301      24.0     4.096    -3.624
  6144.309 106.00112     1.703    -4.469               3.456
  6144.384 106.00112     1.703    -4.443               3.456
  6144.390      64.0     0.812    -1.252
  6144.437 106.00112     2.205    -4.494               3.456
  6144.498 106.00112     2.205    -4.481               3.456
  6144.505 106.00112     2.234    -4.641               3.456
  6144.528      73.0     1.325    -1.740
  6144.543      76.0     1.084    -3.190
  6144.600     607.0     1.066    -3.818               7.650
  6144.744     607.0     1.178    -1.986               7.650
  6144.752     607.0     1.000    -3.079               7.650
  6144.761     607.0     1.066    -2.457               7.650
  6144.927      22.0     1.887    -2.659
  6144.959      20.1     9.235    -1.198
  6144.994      22.0     3.108    -4.058
  6145.016      14.0     5.616    -1.41
  6145.027 106.00112     2.234    -4.659               3.456
  6145.125      15.0     7.965    -1.880
  6145.186      24.0     5.756    -2.638
  6145.268      20.0     6.039    -4.059
  6145.283      90.1     1.067    -2.244
  6145.300      57.0     1.861     -0.66                                        
  6145.324     607.0     1.047    -2.364               7.650
  6145.363     607.0     1.047    -2.766               7.650
  6145.386      20.0     5.299    -4.939
  6145.409     607.0     1.010    -2.438               7.650
  6145.410      26.0     3.368    -3.830
  6145.431     607.0     1.010    -3.065               7.650
  6145.441    18.0      13.302    -1.520
  6145.514 106.00112     3.290    -4.695               3.456
  6145.524      26.0     4.593    -3.460
  6145.536 106.00113     1.724    -4.481               3.456
  6145.580      14.0     5.954    -3.010
  6145.638      22.0     1.443    -3.58
  6145.675      24.0     3.889    -2.654
  6145.812      75.0     3.365    -0.580
  6145.893     607.0     1.140    -3.190               7.650
  6145.967 106.00113     1.724    -4.438               3.456
  6145.975 106.00112     3.290    -4.682               3.456
  6146.034      20.0     5.300    -4.111
  6146.046      22.0     3.112    -2.324
  6146.052      24.0     3.888    -4.135
  6146.174      26.0     5.388    -3.933
  6146.206      22.0     1.873    -1.65
  6146.225      22.0     3.178    -2.495
  6146.228      21.0     2.109    -0.721
  6146.236     607.0     1.069    -3.323               7.650
  6146.292 106.00113     2.161    -4.514               3.456
  6146.334     607.0     1.069    -1.770               7.650
  6146.406      27.0     2.042    -3.81
  6146.413      26.0     5.070    -4.22
  6146.430      58.0     0.802     -0.56                                        
  6146.481 106.00113     2.161    -4.498               3.456
  6146.523      57.1     0.244     -2.47                                        
  6146.536      24.0     3.966    -4.017
  6146.565     607.0     1.308    -2.085               7.650
  6146.594 106.00113     1.581    -4.895               3.456
  6146.632      21.1     8.253    -1.795
  6146.640      24.0     5.094    -3.016
  6146.713      14.0     5.964    -2.227
  6146.716     607.0     1.006    -2.623               7.650
  6146.725     607.0     1.308    -3.459               7.650
  6146.738 106.00112     2.223    -4.454               3.456
  6146.787      22.1     8.116    -3.727
  6146.791     607.0     1.003    -2.678               7.650
  6146.802      75.0     2.024    -1.750
  6146.864     607.0     1.155    -1.843               7.650
  6146.870      25.0     4.345    -3.367
  6146.902     607.0     1.010    -2.572               7.650
  6146.930      70.1     5.912    -0.430
  6146.965 106.00113     1.581    -4.895               3.456
  6147.007     607.0     1.155    -3.674               7.650
  6147.078 106.00113     1.725    -4.481               3.456
  6147.086     607.0     1.000    -2.740               7.650
  6147.097 106.00113     3.290    -4.695               3.456
  6147.116 106.00112     2.223    -4.475               3.456
  6147.154      24.1     4.756    -2.892
  6147.235     607.0     1.311    -2.645               7.650
  6147.300     607.0     1.014    -2.525               7.650
  6147.365      24.0     4.778    -4.204
  6147.369 106.00113     1.725    -4.438               3.456
  6147.443     607.0     1.311    -4.762               7.650
  6147.562      22.1     8.133    -1.902
  6147.584     607.0     1.003    -2.971               7.650
  6147.589 106.00112     1.704    -4.443               3.456
  6147.596 106.00113     1.581    -4.829               3.456
  6147.611     607.0     0.998    -2.808               7.650
  6147.628     607.0     1.055    -2.331               7.650
  6147.631      24.0     3.890    -2.888
  6147.670     607.0     1.055    -2.769               7.650
  6147.741      26.1     3.889    -2.827
  6147.759 106.00112     1.704    -4.469               3.456
  6147.760      22.0     3.113    -1.947
  6147.762      24.0     4.778    -3.658
  6147.770      20.0     5.578    -2.623
  6147.803     607.0     1.522    -2.904               7.650
  6147.835    26.0       4.073    -1.671
  6147.844      58.0     0.719     -0.72                                        
  6147.868      21.0     4.049    -2.107
  6147.906     607.0     1.014    -2.374               7.650
  6147.906 106.00113     1.581    -4.829               3.456
  6147.917     607.0     1.018    -2.482               7.650
  6147.930     607.0     1.014    -3.047               7.650
  6148.028     607.0     1.523    -4.535               7.650
  6148.056      24.0     3.449    -3.238
  6148.065 106.00113     3.290    -4.682               3.456
  6148.071     607.0     1.349    -3.532               7.650
  6148.133      41.0     1.676    -1.500
  6148.177      69.1     4.723    -1.590
  6148.194     607.0     1.235    -2.108               7.650
  6148.231      23.0     2.616    -2.286
  6148.235      59.0     0.832     0.224
  6148.243      59.1     1.457    -0.294
  6148.352      23.0     1.064    -3.965
  6148.371     607.0     0.996    -2.884               7.650
  6148.372     607.0     1.235    -4.106               7.650
  6148.438      22.0     4.031    -3.821
  6148.478     607.0     1.198    -1.990               7.650
  6148.499      22.0     3.590    -4.106
  6148.551     607.0     1.420    -2.361               7.650
  6148.594     607.0     1.198    -3.130               7.650
  6148.613      69.1     4.924    -2.560
  6148.643     607.0     0.990    -3.030               7.650
  6148.650      26.0     4.320    -2.63
  6148.728     607.0     0.990    -2.163               7.650
  6148.746     607.0     1.420    -3.884               7.650
  6148.746      20.0     6.040    -4.605
  6148.767     607.0     1.023    -2.443               7.650
  6148.775      26.0     4.991    -4.055
  6148.920     5.1      21.582     0.052
  6148.929      22.0     3.186    -1.839
  6148.974     607.0     1.311    -4.761               7.650
  6149.011     607.0     1.151    -3.198               7.650
  6149.014 106.00112     3.059    -4.955               3.456
  6149.020      24.0     3.890    -2.665
  6149.044 106.00112     2.160    -4.514               3.456
  6149.060      62.1     1.610    -1.080
  6149.171      22.0     3.215    -1.899
  6149.183     607.0     1.311    -2.639               7.650
  6149.24       26.1     3.889    -2.841
  6149.259      60.0     1.216      0.03                                        
  6149.276      20.0     5.585    -2.750
  6149.313 106.00112     1.806    -4.905               3.456
  6149.349      24.0     4.106    -3.202
  6149.362 106.00112     2.160    -4.498               3.456
  6149.365     607.0     0.995    -2.970               7.650
  6149.430 106.00112     3.059    -4.941               3.456
  6149.463      70.1     5.940    -2.930
  6149.495      24.0     3.889    -4.488
  6149.559      58.0     0.590     -1.18                                        
  6149.561     607.0     1.086    -1.770               7.650
  6149.589 106.00112     1.806    -4.733               3.456
  6149.662     607.0     1.086    -3.335               7.650
  6149.725      22.0     2.160    -1.646
  6149.785      20.0     5.586    -3.123
  6149.816 106.00113     3.059    -4.955               3.456
  6149.825     607.0     1.018    -2.317               7.650
  6149.834      24.0     4.802    -1.083
  6149.836     607.0     1.029    -2.406               7.650
  6149.853     607.0     1.018    -3.035               7.650
  6149.925     607.0     1.308    -2.076               7.650
  6150.010     607.0     1.155    -3.672               7.650
  6150.071      20.0     5.741    -3.068
  6150.098      26.1     3.221    -4.817
  6150.113     607.0     1.062    -2.301               7.650
  6150.154     607.0     1.155    -1.834               7.650
  6150.156      22.0     3.334    -3.317
  6150.157      23.0     0.301    -1.780
  6150.158     607.0     1.062    -2.774               7.650
  6150.186      22.0     3.199    -1.639
  6150.247 106.00113     2.119    -4.536               3.456
  6150.308      26.1     7.727    -3.357
  6150.344     607.0     1.505    -3.849               7.650
  6150.387 106.00112     3.291    -4.682               3.456
  6150.433      22.0     3.590    -4.133
  6150.519     607.0     1.523    -2.898               7.650
  6150.597     607.0     1.006    -2.881               7.650
  6150.600      66.0     1.781    -1.170
  6150.605     607.0     0.994    -3.066               7.650
  6150.636      22.0     3.128    -1.911
  6150.665     607.0     1.235    -4.105               7.650
  6150.671 106.00112     3.291    -4.695               3.456
  6150.675 106.00113     2.119    -4.517               3.456
  6150.705      20.0     5.741    -2.875
  6150.739 106.00113     3.059    -4.941               3.456
  6150.751      26.1     9.576    -4.003
  6150.796      26.0     5.314    -4.985
  6150.843     607.0     1.235    -2.101               7.650
  6150.934      26.0     5.348    -3.020
  6150.936      25.0     6.402    -2.661
  6151.052     607.0     0.934    -3.352               7.650
  6151.112     607.0     1.005    -2.156               7.650
  6151.129     607.0     1.034    -2.372               7.650
  6151.161     607.0     1.040    -2.202               7.650
  6151.205      21.0     2.564    -2.392
  6151.337 106.00112     1.724    -4.481               3.456
  6151.479     607.0     1.420    -2.353               7.650
  6151.526      23.0     1.051    -3.780
  6151.618    26.0       2.174    -3.299
  6151.640 106.00112     1.724    -4.438               3.456
  6151.666      28.0     5.284    -2.353
  6151.687      26.0     5.012    -3.891
  6151.723      58.0     0.515     -0.84                                        
