Mg 5711 +/-10 A
  5701.105      14.0     4.930     -2.05                                 NISTD  
  5701.118 607.01314     1.877    -2.135               7.724          1407Pa0315
  5701.152 607.01314     1.945    -3.100               7.724          1508Rd0155
  5701.178 607.01314     2.554    -3.138               7.724          1911Ra0015
  5701.180 607.01214     2.636    -3.212               7.724          1911Pc0115
  5701.296 607.01314     2.575    -2.398               7.724          1911Qb0095
  5701.307 607.01214     2.042    -2.173               7.724          1508Ra0225
  5701.313 607.01314     2.575    -3.072               7.724          1911Pd0105
  5701.333      22.0     3.901     -3.86                                        
  5701.337 607.01214     1.216    -3.336               7.724          1004Rc0305
  5701.346 607.01314     1.895    -3.763               7.724          1508Rd0005
  5701.346      64.0     0.027     -1.52                                        
  5701.372 607.01314     1.072    -3.225               7.724          1004Rc0205
  5701.407 607.01214     1.216    -1.945               7.724          1004Qa0315
  5701.416      26.0     3.209     -4.45                                        
  5701.418 607.01314     1.072    -2.122               7.724          1004Qa0215
  5701.431 607.01214     1.197    -2.331               7.724          0903Pb0435
  5701.446 106.00113     1.275    -6.206               3.466          B-X 4  3.5
  5701.456      22.0     2.504     -2.32                                 LAWLER 
  5701.464      24.1     3.824     -3.85                                        
  5701.485 607.01314     0.035    -4.054               7.724          0500Qc0115
  5701.513 607.01314     0.035    -3.847               7.724          0500Pa0125
  5701.514      26.0     4.909     -1.40                                        
  5701.532      22.0     3.864     -2.71                                        
  5701.544      26.0     2.557     -2.22                                        
  5701.577      20.0     5.485     -3.77                                        
  5701.645      22.0     2.493     -1.67                                        
  5701.705   23.0051     2.364    -7.381                                 KURHFS 
  5701.706   23.0051     2.364    -7.096                                 KURHFS 
  5701.706   23.0051     2.364    -7.351                                 KURHFS 
  5701.708   23.0051     2.364    -6.908                                 KURHFS 
  5701.708   23.0051     2.364    -7.351                                 KURHFS 
  5701.708   23.0051     2.364    -7.402                                 KURHFS 
  5701.711   23.0051     2.364    -6.817                                 KURHFS 
  5701.711   23.0051     2.364    -6.963                                 KURHFS 
  5701.711   23.0051     2.364    -7.527                                 KURHFS 
  5701.715   23.0051     2.364    -6.708                                 KURHFS 
  5701.715   23.0051     2.364    -6.795                                 KURHFS 
  5701.715   23.0051     2.364    -7.749                                 KURHFS 
  5701.720   23.0051     2.364    -6.510                                 KURHFS 
  5701.720   23.0051     2.364    -6.849                                 KURHFS 
  5701.720   23.0051     2.364    -8.159                                 KURHFS 
  5701.726   23.0051     2.364    -6.346                                 KURHFS 
  5701.726   23.0051     2.364    -7.045                                 KURHFS 
  5701.733   23.0051     2.364    -6.205                                 KURHFS 
  5701.743      22.0     3.864     -1.95                                        
  5701.779 106.00112     1.288    -4.678               3.466          B-X 3 13.5
  5701.785 607.01214     0.328    -3.189               7.724          0500Ra0375
  5701.803      24.0     5.589     -3.40                                        
  5701.834 607.01214     0.164    -3.449               7.724          0500Pb0255
  5701.851 607.01314     0.282    -4.527               7.724          0500Rd0355
  5701.855 607.01214     1.303    -1.947               7.724          0903Qb0485
  5701.855 607.01314     1.012    -3.365               7.724          1004Pc0125
  5701.864 607.01214     0.152    -4.152               7.724          0500Qc0245
  5701.891 106.00112     1.288    -8.670               3.466          B-X 3 13.5
  5701.898      26.0     4.175     -3.32                                        
  5701.909      24.1     6.573     -4.25                                        
  5701.924 607.01214     0.152    -3.459               7.724          0500Pa0255
  5701.932       6.0     8.531     -3.84                                        
  5701.941 607.01314     2.575    -2.563               7.724          1911Ra0105
  5701.958 106.00113     2.669    -8.542               3.466          A-X 3 34.5
  5701.965 607.01314     2.602    -2.444               7.724          1911Rb0145
  5701.966   25.0055     3.380    -4.785                                 KURHFS 
  5701.967 607.01214     1.303    -3.721               7.724          0903Pd0495
  5701.989   25.0055     3.380    -5.149                                 KURHFS 
  5701.989   25.0055     3.380    -5.246                                 KURHFS 
  5701.990 607.01314     2.602    -2.782               7.724          1911Qd0155
  5702.007      22.0     2.479     -1.58                                        
  5702.007   25.0055     3.380    -5.149                                 KURHFS 
  5702.007   25.0055     3.380    -5.693                                 KURHFS 
  5702.010      24.1     3.744     -7.77                                        
  5702.018   25.0055     3.380    -5.262                                 KURHFS 
  5702.040 607.01314     0.020    -4.520               7.724          0500Pc0085
  5702.096      42.0     3.221     -1.43                                        
  5702.117      26.0     3.544     -7.24                                        
  5702.126 106.00112     1.289    -4.597               3.466          B-X 3 14.5
  5702.170      27.0     3.527     -5.48                                        
  5702.189      22.0     2.229     -4.72                                        
  5702.207 607.01314     2.553    -3.237               7.724          1911Ra0005
  5702.240      60.1     0.744     -0.88                                 LAWLER 
  5702.305 607.01314     1.896    -3.354               7.724          1508Rb0015
  5702.306      24.0     3.446     -0.67                                 SOBECK 
  5702.308 607.01314     1.896    -3.091               7.724          1508Qd0025
  5702.344 607.01314     1.897    -2.999               7.724          1508Qd0035
  5702.344 607.01314     1.897    -3.181               7.724          1508Rb0025
  5702.348      26.0     3.637     -2.87                                        
  5702.371 607.01314     0.054    -3.727               7.724          0500Pb0145
  5702.387      58.0     0.384     -0.54                                        
  5702.435 607.01314     1.895    -3.628               7.724          1508Rb0005
  5702.437 607.01314     1.895    -3.222               7.724          1508Qd0015
  5702.439 106.00113     2.240    -7.585               3.466          A-X 6 18.5
  5702.444 607.01214     2.654    -2.509               7.724          1911Pa0155
  5702.459      45.0     4.206      0.16                                        
  5702.471 607.01214     2.654    -2.808               7.724          1911Qc0145
  5702.551 607.01314     1.899    -2.933               7.724          1508Qd0045
  5702.551 607.01314     1.899    -3.052               7.724          1508Rb0035
  5702.558 607.01314     1.951    -3.103               7.724          1508Rd0165
  5702.596 106.00112     1.860    -7.949               3.466          A-X 4 20.5
  5702.600 607.01314     0.146    -3.353               7.724          0500Ra0255
  5702.604 106.00112     2.451    -6.048               3.466          A-X 6 21.5
  5702.641 607.01214     0.108    -4.489               7.724          0500Pc0205
  5702.656      22.0     2.290     -0.44                                        
  5702.665 607.01214     1.985    -2.478               7.724          1508Pb0145
  5702.694      24.0     4.609     -2.09                                        
  5702.695 607.01214     2.739    -2.848               7.724          1911Qd0255
  5702.733 607.01314     1.895    -3.391               7.724          1508Qd0005
  5702.736      26.0     4.217     -4.31                                        
  5702.753 607.01214     1.308    -2.128               7.724          1004Ra0375
  5702.760 607.01214     1.230    -1.944               7.724          1004Qb0315
  5702.832 607.01214     1.230    -3.379               7.724          1004Pd0325
  5702.905      66.0     0.937     -1.30                                        
  5702.907      26.0     4.909     -2.59                                        
  5702.910 607.01214     2.063    -2.166               7.724          1508Rb0235
  5702.928 607.01314     1.901    -2.883               7.724          1508Qd0055
  5702.928 607.01314     1.901    -2.948               7.724          1508Rb0045
  5702.957 607.01214     2.063    -2.818               7.724          1508Qd0245
  5702.959   27.0059     3.620    -2.671                                 KURHFS 
  5702.959   27.0059     3.620    -3.370                                 KURHFS 
  5702.972 607.01314     1.890    -2.128               7.724          1407Pb0315
  5703.013 607.01214     2.739    -2.192               7.724          1911Rb0245
  5703.018   27.0059     3.620    -2.963                                 KURHFS 
  5703.018   27.0059     3.620    -3.189                                 KURHFS 
  5703.018   27.0059     3.620    -3.370                                 KURHFS 
  5703.022      25.0     5.083     -2.53                                        
  5703.067   27.0059     3.620    -3.158                                 KURHFS 
  5703.067   27.0059     3.620    -3.189                                 KURHFS 
  5703.067   27.0059     3.620    -3.369                                 KURHFS 
  5703.094      26.0     4.188     -4.27                                        
  5703.106   27.0059     3.620    -3.158                                 KURHFS 
  5703.106   27.0059     3.620    -3.222                                 KURHFS 
  5703.106   27.0059     3.620    -4.086                                 KURHFS 
  5703.122 607.01314     2.580    -2.523               7.724          1911Ra0115
  5703.135   27.0059     3.620    -3.222                                 KURHFS 
  5703.135   27.0059     3.620    -3.421                                 KURHFS 
  5703.135   27.0059     3.620    -5.329                                 KURHFS 
  5703.155   27.0059     3.620    -3.421                                 KURHFS 
  5703.155   27.0059     3.620    -3.676                                 KURHFS 
  5703.157 106.00112     2.683    -8.501               3.466          A-X 3 34.5
  5703.158 607.01314     1.092    -2.097               7.724          1004Qb0225
  5703.167 607.01214     1.957    -3.224               7.724          1508Pc0095
  5703.177 607.01214     2.668    -2.448               7.724          1911Pb0165
  5703.178      25.0     5.345     -2.99                                        
  5703.209 607.01314     1.092    -3.271               7.724          1004Pd0235
  5703.218      58.1     1.341     -1.09                                        
  5703.230 106.00112     1.875    -7.117               3.466          A-X 2 27.5
  5703.231      20.0     4.760     -0.77                                        
  5703.249 607.01314     0.094    -3.229               7.724          0500Qb0195
  5703.262 607.01214     1.999    -3.012               7.724          1508Rc0165
  5703.263 607.01314     2.554    -3.281               7.724          1911Rc0005
  5703.267 607.01314     2.554    -3.313               7.724          1911Qa0015
  5703.270 106.00112     2.683    -4.933               3.466          A-X 3 35.5
  5703.294 607.01314     2.554    -3.226               7.724          1911Rc0015
  5703.296 607.01214     1.999    -2.041               7.724          1508Qa0175
  5703.296 607.01314     0.094    -4.331               7.724          0500Pd0205
  5703.298 607.01314     2.554    -3.060               7.724          1911Qa0025
  5703.301   57.1139     0.708    -2.523                                 LAWLER 
  5703.303   57.1139     0.708    -3.012                                 LAWLER 
  5703.305   57.1139     0.708    -3.711                                 LAWLER 
  5703.314   57.1139     0.708    -2.816                                 LAWLER 
  5703.315   57.1139     0.708    -2.896                                 LAWLER 
  5703.317   57.1139     0.708    -3.271                                 LAWLER 
  5703.321 607.01214     2.683    -2.029               7.724          1911Qa0195
  5703.324   57.1139     0.708    -3.271                                 LAWLER 
  5703.325   57.1139     0.708    -3.016                                 LAWLER 
  5703.326   57.1139     0.708    -3.000                                 LAWLER 
  5703.417 607.01214     2.683    -3.051               7.724          1911Rc0185
  5703.469 607.01214     0.345    -3.194               7.724          0500Rb0375
  5703.469 607.01314     1.903    -2.860               7.724          1508Rb0055
  5703.477      28.0     5.490     -0.53                                        
  5703.480 607.01314     1.903    -2.846               7.724          1508Qd0065
  5703.480 607.01314     2.568    -2.881               7.724          1911Pb0075
  5703.482 607.01214     2.015    -2.011               7.724          1508Qb0185
  5703.519 607.01214     2.015    -3.052               7.724          1508Pd0195
  5703.524 106.00112     2.683    -4.872               3.466          A-X 3 34.5
  5703.550 607.01314     2.556    -3.175               7.724          1911Rc0025
  5703.554 607.01314     2.556    -2.900               7.724          1911Qa0035
  5703.555   23.0051     1.050    -0.777                                 LAWLER 
  5703.560 607.01214     0.345    -4.246               7.724          0500Qd0385
  5703.569   23.0051     1.050    -0.993                                 LAWLER 
  5703.569   23.0051     1.050    -1.403                                 LAWLER 
  5703.580   23.0051     1.050    -1.242                                 LAWLER 
  5703.580   23.0051     1.050    -1.276                                 LAWLER 
  5703.581   23.0051     1.050    -2.268                                 LAWLER 
  5703.589   23.0051     1.050    -1.250                                 LAWLER 
  5703.589   23.0051     1.050    -1.715                                 LAWLER 
  5703.590   23.0051     1.050    -1.840                                 LAWLER 
  5703.592 607.01314     1.160    -2.253               7.724          1004Rb0285
  5703.596   23.0051     1.050    -1.414                                 LAWLER 
  5703.596   23.0051     1.050    -1.590                                 LAWLER 
  5703.601   23.0051     1.050    -1.414                                 LAWLER 
  5703.602      20.0     5.878     -5.10                                        
  5703.638 106.00112     2.683    -7.357               3.466          A-X 3 35.5
  5703.641 607.01314     2.655    -3.154               7.724          1911Rd0225
  5703.647      23.1     3.970     -4.73                                        
  5703.655 607.01314     1.160    -3.046               7.724          1004Qd0295
  5703.692      28.0     3.938     -2.30                                        
  5703.695 607.01314     0.077    -4.285               7.724          0500Rc0175
  5703.737 607.01314     0.077    -3.257               7.724          0500Qa0185
  5703.744      27.0     3.663     -3.18                                        
  5703.759 607.01314     2.580    -2.347               7.724          1911Qb0105
  5703.772      26.1     6.802     -3.61                                        
  5703.777 607.01314     2.580    -3.060               7.724          1911Pd0115
  5703.810 106.00113     2.578    -4.881               3.466          A-X 3 34.5
  5703.828 106.00113     1.328    -4.598               3.466          B-X 3 14.5
  5703.830 607.01314     1.895    -3.391               7.724          1508Qb0005
  5703.832 607.01314     1.895    -3.692               7.724          1508Pd0015
  5703.866 607.01214     1.972    -2.784               7.724          1508Qc0125
  5703.893 607.01214     1.972    -2.551               7.724          1508Pa0135
  5703.898      22.0     3.152     -0.72                                        
  5703.933 106.00113     1.328    -8.584               3.466          B-X 3 14.5
  5704.007 607.01214     2.729    -2.180               7.724          1911Ra0245
  5704.029 607.01314     2.557    -3.133               7.724          1911Rc0035
  5704.033 607.01314     2.557    -2.778               7.724          1911Qa0045
  5704.048 607.01314     0.169    -3.344               7.724          0500Rb0265
  5704.087 106.00113     2.578    -7.296               3.466          A-X 3 34.5
  5704.110 607.01314     0.169    -4.117               7.724          0500Qd0275
  5704.119 106.00113     2.579    -8.368               3.466          A-X 3 33.5
  5704.135      24.0     3.102     -3.38                                        
  5704.140 106.00113     1.329    -4.514               3.466          B-X 3 15.5
  5704.147 607.01314     1.958    -3.106               7.724          1508Rd0175
  5704.154      27.0     4.172     -1.94                                        
  5704.194 607.01314     1.906    -2.784               7.724          1508Rb0065
  5704.194 607.01314     1.906    -2.817               7.724          1508Qd0075
  5704.205 607.01214     1.747    -3.294               7.724          0600Rb0865
  5704.231 106.00113     1.788    -7.044               3.466          A-X 2 26.5
  5704.317      73.0     2.621     -1.32                                        
  5704.385      59.0     1.767      0.74                                        
  5704.389 607.01314     1.039    -2.977               7.724          1004Qc0165
  5704.396 106.00113     2.579    -4.842               3.466          A-X 3 33.5
  5704.400      15.0     7.207     -4.23                                        
  5704.410 607.01214     1.748    -4.979               7.724          0600Qd0875
  5704.429 607.01314     1.039    -2.586               7.724          1004Pa0175
  5704.459 607.01314     0.041    -4.050               7.724          0500Qc0125
  5704.460      23.0     3.077     -0.69                                        
  5704.486      27.0     4.172     -2.57                                        
  5704.490 607.01314     0.041    -3.800               7.724          0500Pa0135
  5704.494 106.00113     1.856    -7.891               3.466          A-X 4 20.5
  5704.507 607.01314     1.148    -2.244               7.724          1004Ra0285
  5704.518 607.01314     2.585    -2.486               7.724          1911Ra0125
  5704.518 607.01314     2.608    -2.412               7.724          1911Rb0155
  5704.522      15.0     7.959     -2.81                                        
  5704.546 607.01314     2.608    -2.784               7.724          1911Qd0165
  5704.623      23.0     3.281     -4.46                                        
  5704.629 607.01314     1.896    -3.155               7.724          1508Qb0015
  5704.633 607.01314     1.896    -3.461               7.724          1508Pd0025
  5704.732 607.01314     2.559    -3.100               7.724          1911Rc0045
  5704.733      26.0     5.029     -1.06                                        
  5704.734 607.01314     2.559    -2.680               7.724          1911Qa0055
  5704.841 607.01214     1.325    -2.134               7.724          1004Rb0375
  5704.916 607.01214     2.052    -2.153               7.724          1508Ra0235
  5704.926 607.01214     1.325    -3.148               7.724          1004Qd0385
  5704.929      25.0     6.339     -2.37                                        
  5704.954 607.01214     1.303    -3.671               7.724          0903Rc0485
  5704.986 607.01214     1.599    -3.839               7.724          0903Rd0615
  5705.056      26.0     5.064     -2.69                                        
  5705.066 607.01214     1.303    -1.938               7.724          0903Qa0495
  5705.077 106.00113     0.774    -6.992               3.466          A-X 2  7.5
  5705.079 607.01214     1.197    -3.422               7.724          0903Qc0435
  5705.080 607.01314     1.910    -2.718               7.724          1508Rb0075
  5705.085      23.0     1.891     -4.55                                        
  5705.088 607.01214     0.232    -4.430               7.724          0500Rc0305
  5705.097 607.01314     1.910    -2.795               7.724          1508Qd0085
  5705.117      24.0     5.851     -2.61                                        
  5705.119      22.0     2.159     -5.01                                        
  5705.152 106.00113     1.710    -8.511               3.466          A-X 3 22.5
  5705.163 607.01214     0.232    -3.010               7.724          0500Qa0315
  5705.179 607.01214     1.197    -2.324               7.724          0903Pa0445
  5705.192 607.01314     1.082    -3.233               7.724          1004Rc0215
  5705.235 607.01214     3.212    -3.282               7.724          2213Pc0285
  5705.241 607.01314     1.082    -2.099               7.724          1004Qa0225
  5705.255 607.01314     1.055    -2.535               7.724          1004Pb0185
  5705.279 106.00113     2.241    -7.533               3.466          A-X 6 18.5
  5705.280      26.0     4.984     -3.36                                        
  5705.360 607.01214     2.700    -3.087               7.724          1911Pd0215
  5705.384 607.01314     2.554    -3.401               7.724          1911Qc0015
  5705.386      22.0     2.235     -2.28                                 LAWLER 
  5705.388 607.01314     2.554    -3.895               7.724          1911Pa0025
  5705.448 607.01314     0.025    -4.491               7.724          0500Pc0095
  5705.456 607.01214     2.642    -3.199               7.724          1911Pc0125
  5705.463      14.0     7.699     -4.68                                        
  5705.464      26.0     4.298     -1.60                                        
  5705.508 607.01214     1.131    -3.694               7.724          0802Pc0515
  5705.522      24.0     5.846     -2.76                                        
  5705.522 607.01214     2.700    -2.002               7.724          1911Qb0205
  5705.524 607.01214     1.117    -3.403               7.724          1004Pc0225
  5705.549 106.00112     1.716    -8.574               3.466          A-X 3 22.5
  5705.596 607.01314     1.897    -2.971               7.724          1508Qb0025
  5705.602 607.01314     1.897    -3.331               7.724          1508Pd0035
  5705.654      92.0     1.340     -1.09                                        
  5705.656 607.01314     2.562    -2.596               7.724          1911Qa0065
  5705.658 607.01314     2.562    -3.075               7.724          1911Rc0055
  5705.694 607.01214     0.503    -4.646               7.724          0500Rd0465
  5705.708      42.0     3.075     -0.59                                        
  5705.772 106.00112     2.231    -5.150               3.466          A-X 4 26.5
  5705.887 607.01314     0.157    -3.335               7.724          0500Ra0265
  5705.897 607.01314     1.839    -3.236               7.724          1407Pc0275
  5705.910 106.00112     2.231    -5.103               3.466          A-X 4 25.5
  5705.917 106.00113     0.774    -7.016               3.466          A-X 2  7.5
  5705.921 607.01314     1.966    -3.111               7.724          1508Rd0185
  5705.961      25.0     5.574     -3.70                                        
  5705.963 607.01314     0.298    -4.534               7.724          0500Rd0365
  5705.987      21.0     5.553     -2.69                                        
  5705.992      26.0     4.608     -0.46                                  RUF14 
  5706.001      20.0     5.879     -4.50                                        
  5706.011 607.01314     1.896    -3.693               7.724          1508Pb0015
  5706.014 106.00112     2.231    -7.092               3.466          A-X 4 26.5
  5706.057 607.01314     1.018    -3.357               7.724          1004Pc0135
  5706.096      26.0     4.280     -3.44                                        
  5706.128 607.01314     2.590    -2.452               7.724          1911Ra0135
  5706.139 106.00113     2.225    -5.150               3.466          A-X 4 26.5
  5706.144 607.01314     1.913    -2.658               7.724          1508Rb0085
  5706.150      41.0     1.893     -1.33                                        
  5706.160      27.0     4.392     -1.12                                        
  5706.161 607.01314     1.913    -2.779               7.724          1508Qd0095
  5706.183 607.01214     0.247    -3.010               7.724          0500Qb0315
  5706.189      62.0     0.185     -0.98                                        
  5706.210      60.1     0.932     -0.80                                 LAWLER 
  5706.219      22.0     3.059     -3.78                                        
  5706.247 607.01314     0.061    -3.691               7.724          0500Pb0155
  5706.260 607.01214     0.247    -4.474               7.724          0500Pd0325
  5706.263 106.00113     2.225    -5.103               3.466          A-X 4 25.5
  5706.264      73.0     3.095     -0.63                                        
  5706.320 106.00112     1.862    -7.891               3.466          A-X 4 20.5
  5706.340 106.00113     2.225    -7.092               3.466          A-X 4 26.5
  5706.343 607.01214     1.443    -2.160               7.724          0903Rb0545
  5706.411      24.1     6.008     -3.92                                        
  5706.411 607.01314     2.585    -2.300               7.724          1911Qb0115
  5706.417 607.01214     1.163    -3.076               7.724          1004Qc0265
  5706.424      16.0     7.864     -0.95                                        
  5706.425 607.01214     1.748    -3.284               7.724          0600Ra0875
  5706.433 607.01314     2.585    -3.051               7.724          1911Pd0125
  5706.450 607.01314     2.571    -2.812               7.724          1911Pb0085
  5706.463 106.00112     2.131    -5.501               3.466          A-X 3 28.5
  5706.468 607.01214     1.443    -3.465               7.724          0903Qd0555
  5706.469      41.0     1.042     -1.04                                        
  5706.476 607.01314     2.556    -3.191               7.724          1911Qc0025
  5706.478 607.01214     1.163    -2.351               7.724          1004Pa0275
  5706.481 607.01314     2.556    -3.546               7.724          1911Pa0035
  5706.592 607.01214     2.660    -2.473               7.724          1911Pa0165
  5706.632 607.01214     2.660    -2.809               7.724          1911Qc0155
  5706.692 106.00112     2.452    -6.107               3.466          A-X 6 21.5
  5706.713      39.0     2.011      0.08                                        
  5706.723 607.01314     2.664    -3.161               7.724          1911Rd0235
  5706.732 607.01314     1.899    -2.832               7.724          1508Qb0035
  5706.736 112.00124     0.935    -1.549               1.340          13R226b24 
  5706.736      22.0     3.866     -3.84                                        
  5706.738 607.01214     2.007    -3.018               7.724          1508Rc0175
  5706.739 607.01314     1.899    -3.244               7.724          1508Pd0045
  5706.743      62.0     0.036     -2.32                                        
  5706.748 607.01314     0.085    -4.292               7.724          0500Rc0185
  5706.769      23.1     6.896     -3.97                                        
  5706.771      22.0     3.152     -1.46                                        
  5706.772 106.00112     2.131    -7.507               3.466          A-X 3 28.5
  5706.774 607.01214     2.007    -2.013               7.724          1508Qa0185
  5706.792 607.01314     0.085    -3.231               7.724          0500Qa0195
  5706.792 607.01314     2.564    -2.523               7.724          1911Qa0075
  5706.806 607.01314     2.564    -3.055               7.724          1911Rc0065
  5706.851      22.0     3.145     -1.91                                        
  5706.863 607.01314     2.538    -3.219               7.724          1810Pc0305
  5706.892 607.01314     0.104    -3.204               7.724          0500Qb0205
  5706.894 106.00112     2.131    -5.491               3.466          A-X 3 27.5
  5706.897 112.00124     0.936    -4.143               1.340          13Q126b24 
  5706.941 607.01314     0.104    -4.338               7.724          0500Pd0215
  5706.944 106.00112     1.795    -7.044               3.466          A-X 2 26.5
  5706.974      27.1     3.626     -5.22                                        
  5706.982      23.0     1.042     -0.42                               LAWNOHFS 
  5706.990 607.01214     1.992    -2.442               7.724          1508Pb0155
  5706.993 607.01214     1.961    -3.202               7.724          1508Pc0105
  5706.993      92.1     0.888     -1.59                               Nils02/9 
  5706.996      20.0     4.765     -3.22                                        
  5706.997      28.0     5.490     -2.34                                        
  5707.011      20.0     4.427     -2.21                                        
  5707.050      26.0     3.639     -2.40                                        
  5707.101 607.01214     2.073    -2.146               7.724          1508Rb0245
  5707.104      90.1     0.770     -1.98                                        
  5707.151 607.01214     2.073    -2.825               7.724          1508Qd0255
  5707.238 607.01214     1.175    -2.342               7.724          1004Pb0275
  5707.253 112.00124     0.936    -1.535               1.340          13R126b24 
  5707.253      26.0     3.639     -3.40                                        
  5707.264 607.01314     2.615    -2.381               7.724          1911Rb0165
  5707.287 607.01214     1.230    -3.344               7.724          1004Rc0315
  5707.298 607.01314     2.615    -2.787               7.724          1911Qd0175
  5707.345 607.01214     2.750    -2.855               7.724          1911Qd0265
  5707.360 607.01214     1.230    -1.930               7.724          1004Qa0325
  5707.387 607.01314     1.918    -2.605               7.724          1508Rb0095
  5707.397 607.01214     0.164    -4.161               7.724          0500Qc0255
  5707.407 607.01314     1.918    -2.767               7.724          1508Qd0105
  5707.417 607.01214     0.345    -3.176               7.724          0500Ra0385
  5707.425 607.01214     1.978    -2.782               7.724          1508Qc0135
  5707.451 607.01214     2.691    -2.004               7.724          1911Qa0205
  5707.455 607.01214     1.978    -2.508               7.724          1508Pa0145
  5707.460 607.01214     0.164    -3.439               7.724          0500Pa0265
  5707.548 607.01314     1.102    -2.076               7.724          1004Qb0235
  5707.562 106.00112     1.080    -7.405               3.466          B-X 3  7.5
  5707.578      22.0     2.238     -4.84                                        
  5707.582 607.01214     2.691    -3.058               7.724          1911Rc0195
  5707.600 607.01314     1.102    -3.279               7.724          1004Pd0245
  5707.619 607.01314     0.047    -4.049               7.724          0500Qc0135
  5707.627 607.01214     2.024    -1.984               7.724          1508Qb0195
  5707.652 607.01314     0.047    -3.757               7.724          0500Pa0145
  5707.665 607.01214     2.024    -3.058               7.724          1508Pd0205
  5707.704      26.0     4.100     -3.33                                        
  5707.712 607.01214     2.750    -2.174               7.724          1911Rb0255
  5707.717 607.01214     0.177    -3.430               7.724          0500Pb0265
  5707.744 607.01214     1.988    -5.313               7.724          0600Rd0935
  5707.787 106.00112     2.249    -7.584               3.466          A-X 6 18.5
  5707.794 607.01314     2.557    -3.074               7.724          1911Qc0035
  5707.796      23.0     2.357     -1.19                               LAWNOHFS 
  5707.797 607.01314     2.557    -3.337               7.724          1911Pa0045
  5707.827 607.01314     0.182    -3.326               7.724          0500Rb0275
  5707.836      15.0     7.207     -4.73                                        
  5707.843      22.0     2.332     -3.11                                        
  5707.881 607.01314     1.974    -3.116               7.724          1508Rd0195
  5707.892 607.01314     0.182    -4.124               7.724          0500Qd0285
  5707.896      24.1     3.855     -6.28                                        
  5707.903 607.01314     1.897    -3.416               7.724          1508Pb0025
  5707.954 607.01314     2.596    -2.420               7.724          1911Ra0145
  5708.036 607.01314     1.901    -2.719               7.724          1508Qb0045
  5708.046 607.01314     1.901    -3.182               7.724          1508Pd0055
  5708.071 607.01214     1.121    -3.745               7.724          0903Pc0395
  5708.079 607.01214     2.675    -2.417               7.724          1911Pb0175
  5708.081 607.01314     2.568    -2.459               7.724          1911Qa0085
  5708.091 607.01314     1.173    -2.237               7.724          1004Rb0295
  5708.094      26.0     4.431     -1.57                                        
  5708.157 607.01314     1.173    -3.054               7.724          1004Qd0305
  5708.175 607.01314     2.568    -3.040               7.724          1911Rc0075
  5708.201      22.0     2.316     -1.09                                        
  5708.271      60.1     0.859     -0.58                                        
  5708.287      23.0     3.096     -1.58                                        
  5708.309 607.01214     2.739    -2.162               7.724          1911Ra0255
  5708.397      14.0     4.954     -1.47                                 NISTD+ 
  5708.428 607.01314     1.046    -2.981               7.724          1004Qc0175
  5708.459 607.01314     1.046    -2.554               7.724          1004Pa0185
  5708.482 607.01214     0.118    -4.495               7.724          0500Pc0215
  5708.501 106.00112     2.400    -5.246               3.466          A-X 5 25.5
  5708.568 607.01314     2.556    -4.026               7.724          1911Pc0025
  5708.575      20.0     5.581     -5.04                                        
  5708.587      22.1     5.881     -4.20                                        
  5708.591   21.0045     1.448    -2.480                                 LAWHFS 
  5708.592 106.00112     2.400    -5.101               3.466          A-X 5 24.5
  5708.593   21.0045     1.448    -2.280                                 LAWHFS 
  5708.595   21.0045     1.448    -2.260                                 LAWHFS 
  5708.598   21.0045     1.448    -2.270                                 LAWHFS 
  5708.600   21.0045     1.448    -2.480                                 LAWHFS 
  5708.601   21.0045     1.448    -2.150                                 LAWHFS 
  5708.604   21.0045     1.448    -2.130                                 LAWHFS 
  5708.607   21.0045     1.448    -2.260                                 LAWHFS 
  5708.609   21.0045     1.448    -2.110                                 LAWHFS 
  5708.613   21.0045     1.448    -1.960                                 LAWHFS 
  5708.617   21.0045     1.448    -2.150                                 LAWHFS 
  5708.619   21.0045     1.448    -2.120                                 LAWHFS 
  5708.624   21.0045     1.448    -1.790                                 LAWHFS 
  5708.629   21.0045     1.448    -2.110                                 LAWHFS 
  5708.631   21.0045     1.448    -2.200                                 LAWHFS 
  5708.638   21.0045     1.448    -1.630                                 LAWHFS 
  5708.643   21.0045     1.448    -2.120                                 LAWHFS 
  5708.646   21.0045     1.448    -2.410                                 LAWHFS 
  5708.653   21.0045     1.448    -1.480                                 LAWHFS 
  5708.659   21.0045     1.448    -2.200                                 LAWHFS 
  5708.667 106.00112     2.400    -6.962               3.466          A-X 5 25.5
  5708.671   21.0045     1.448    -1.350                                 LAWHFS 
  5708.678   21.0045     1.448    -2.410                                 LAWHFS 
  5708.691 607.01314     1.160    -2.228               7.724          1004Ra0295
  5708.736 607.01214     2.063    -2.134               7.724          1508Ra0245
  5708.807 607.01314     1.922    -2.556               7.724          1508Rb0105
  5708.816 106.00112     1.279    -6.205               3.466          B-X 4  3.5
  5708.828 607.01314     1.922    -2.758               7.724          1508Qd0115
  5708.858      40.0     0.000     -2.84                                        
  5708.891      28.0     3.895     -2.09                                        
  5708.905 607.01214     1.325    -2.116               7.724          1004Ra0385
  5708.943   23.0051     2.377    -1.300                                 KURHFS 
  5708.943   23.0051     2.377    -1.926                                 KURHFS 
  5708.943   23.0051     2.377    -2.791                                 KURHFS 
  5708.955   23.0051     2.377    -1.516                                 KURHFS 
  5708.955   23.0051     2.377    -1.765                                 KURHFS 
  5708.955   23.0051     2.377    -2.363                                 KURHFS 
  5708.965   23.0051     2.377    -1.773                                 KURHFS 
  5708.965   23.0051     2.377    -1.799                                 KURHFS 
  5708.965   23.0051     2.377    -2.113                                 KURHFS 
  5708.972   23.0051     2.377    -1.937                                 KURHFS 
  5708.972   23.0051     2.377    -1.937                                 KURHFS 
  5708.972   23.0051     2.377    -2.238                                 KURHFS 
  5709.014      20.0     5.581     -5.17                                        
  5709.023 607.01214     1.245    -1.929               7.724          1004Qb0325
  5709.049 607.01314     0.030    -4.470               7.724          0500Pc0105
  5709.060      58.0     0.690     -0.74                                        
  5709.098 607.01214     1.245    -3.387               7.724          1004Pd0335
  5709.117      20.0     5.881     -4.13                                        
  5709.203 607.01314     1.092    -3.240               7.724          1004Rc0225
  5709.218      22.0     2.083     -5.76                                        
  5709.254 607.01314     1.092    -2.077               7.724          1004Qa0235
  5709.259 607.01314     2.590    -2.257               7.724          1911Qb0125
  5709.280 607.01314     2.590    -3.046               7.724          1911Pd0135
  5709.334      41.0     1.674     -1.70                                        
  5709.336 607.01314     2.559    -2.995               7.724          1911Qc0045
  5709.339 607.01314     2.559    -3.186               7.724          1911Pa0055
  5709.351 607.01314     0.169    -3.317               7.724          0500Ra0275
  5709.363      76.0     4.697     -0.25                                        
  5709.364 607.01214     0.364    -3.181               7.724          0500Rb0385
  5709.366 607.01214     1.443    -2.148               7.724          0903Ra0555
  5709.378      26.0     3.369     -1.01                                  RUF14 
  5709.413      64.0     0.124     -1.59                                        
  5709.457 607.01214     0.364    -4.253               7.724          0500Qd0395
  5709.493      92.0     0.880     -1.55                                        
  5709.510 607.01314     1.903    -2.625               7.724          1508Qb0055
  5709.522 607.01314     1.903    -3.136               7.724          1508Pd0065
  5709.545      28.0     1.675     -2.30                                 LAWLER 
  5709.556      22.1     1.890     -4.79                                        
  5709.602 607.01314     2.575    -2.751               7.724          1911Pb0095
  5709.670      23.0     2.614     -1.62                                        
  5709.738      62.0     1.617     -0.17                                        
  5709.765 607.01314     2.571    -3.029               7.724          1911Rc0085
  5709.831 607.01314     2.571    -2.401               7.724          1911Qa0095
  5709.902      22.0     3.110     -2.26                                        
  5709.931      22.1     5.563     -3.35                                        
  5709.931 607.01314     1.063    -2.507               7.724          1004Pb0195
  5709.932      26.0     4.253     -2.34                                        
  5709.964 607.01314     1.899    -3.242               7.724          1508Pb0035
  5709.968      20.0     5.581     -2.76                                        
  5709.970      69.1     2.770     -0.62                                 LAWLER 
  5709.980 607.01314     0.094    -4.299               7.724          0500Rc0195
  5709.993 607.01314     2.602    -2.389               7.724          1911Ra0155
  5710.009 607.01214     2.647    -3.189               7.724          1911Pc0135
  5710.010 607.01314     2.674    -3.168               7.724          1911Rd0245
  5710.027 607.01314     0.094    -3.205               7.724          0500Qa0205
  5710.029 607.01314     1.982    -3.122               7.724          1508Rd0205
  5710.039      58.0     0.849     -0.86                                        
  5710.082 106.00112     1.717    -8.510               3.466          A-X 3 22.5
  5710.139 607.01214     2.709    -3.093               7.724          1911Pd0225
  5710.216      22.0     2.248     -3.51                                        
  5710.217 607.01314     2.622    -2.352               7.724          1911Rb0175
  5710.248 607.01314     2.622    -2.791               7.724          1911Qd0185
  5710.249 607.01314     0.314    -4.541               7.724          0500Rd0375
  5710.282 607.01314     0.069    -3.657               7.724          0500Pb0165
  5710.319      64.0     1.817     -0.12                                        
  5710.335 607.01214     2.709    -1.978               7.724          1911Qb0215
  5710.348      23.1     2.375     -3.05                                        
  5710.358      28.0     5.493     -0.77                                        
  5710.403 607.01314     1.927    -2.512               7.724          1508Rb0115
  5710.407      20.0     5.581     -2.41                                        
  5710.428 607.01314     1.927    -2.753               7.724          1508Qd0125
  5710.429 607.01214     2.015    -3.024               7.724          1508Rc0185
  5710.456      24.0     3.847     -3.98                                        
  5710.457 607.01314     1.024    -3.352               7.724          1004Pc0145
  5710.469 607.01214     2.015    -1.986               7.724          1508Qa0195
  5710.505      25.0     5.516     -3.87                                        
  5710.542 106.00113     1.790    -7.117               3.466          A-X 2 26.5
  5710.547 607.01214     1.558    -3.081               7.724          0600Qb0815
  5710.594 106.00112     0.776    -6.991               3.466          A-X 2  7.5
  5710.622   23.0051     2.377    -3.647                                 KURHFS 
  5710.633 106.00112     2.250    -7.533               3.466          A-X 6 18.5
  5710.635   23.0051     2.377    -3.968                                 KURHFS 
  5710.635   23.0051     2.377    -4.114                                 KURHFS 
  5710.644   23.0051     2.377    -3.968                                 KURHFS 
  5710.644   23.0051     2.377    -4.445                                 KURHFS 
  5710.652   23.0051     2.377    -3.989                                 KURHFS 
  5710.663 607.01214     0.247    -4.438               7.724          0500Rc0315
  5710.681       6.0     8.531     -2.71                                        
  5710.699 607.01314     0.113    -3.180               7.724          0500Qb0215
  5710.715      24.0     3.842     -4.22                                        
  5710.722 106.00113     1.606    -6.280               3.466          B-X 4 15.5
  5710.725 607.01314     2.557    -3.720               7.724          1911Pc0035
  5710.740 607.01214     0.247    -2.995               7.724          0500Qa0325
  5710.741 607.01214     1.558    -5.295               7.724          0600Pd0825
  5710.751 607.01314     0.113    -4.345               7.724          0500Pd0225
  5710.755      42.0     1.334    -10.00                                        
  5710.798      57.0     1.204     -1.35                                        
  5710.835 106.00113     2.395    -5.246               3.466          A-X 5 25.5
  5710.870      68.1     2.932     -0.61                                 LAWLER 
  5710.874      22.0     2.316     -6.58                                        
  5710.877      23.0     3.085     -1.71                                        
  5710.886 607.01214     1.217    -2.321               7.724          0903Pb0445
  5710.964 607.01314     0.054    -4.050               7.724          0500Qc0145
  5710.967 607.01214     2.668    -2.439               7.724          1911Pa0175
  5711.000 607.01314     0.054    -3.718               7.724          0500Pa0155
  5711.024 607.01214     2.668    -2.811               7.724          1911Qc0165
  5711.042 607.01214     1.967    -3.185               7.724          1508Pc0115
  5711.055 106.00113     2.395    -5.101               3.466          A-X 5 24.5
  5711.088      12.0     4.343     -1.83                                        
  5711.103 607.01314     2.562    -2.938               7.724          1911Qc0055
  5711.104 106.00113     2.395    -6.962               3.466          A-X 5 25.5
  5711.107 607.01314     2.562    -3.068               7.724          1911Pa0065
  5711.156 607.01314     1.906    -2.544               7.724          1508Qb0065
  5711.170 607.01314     1.906    -3.101               7.724          1508Pd0075
  5711.202 607.01214     1.985    -2.782               7.724          1508Qc0145
  5711.233 607.01214     1.985    -2.469               7.724          1508Pa0155
  5711.236      22.0     3.177     -2.64                                        
  5711.265 607.01214     1.325    -1.937               7.724          0903Qb0495
  5711.269 607.01214     1.210    -5.351               7.724          0600Pc0715
  5711.269 607.01214     1.343    -2.122               7.724          1004Rb0385
  5711.303 106.00112     2.233    -5.151               3.466          A-X 4 26.5
  5711.357 607.01214     1.343    -3.155               7.724          1004Qd0395
  5711.379 607.01214     1.325    -3.727               7.724          0903Pd0505
  5711.382      22.0     3.111     -3.21                                        
  5711.421      75.0     2.778     -1.25                                        
  5711.429      20.0     5.581     -2.37                                        
  5711.435      62.0     0.282     -1.56                                        
  5711.437      58.1     1.457     -0.87                                        
  5711.445 106.00112     0.777    -7.016               3.466          A-X 2  7.5
  5711.497 607.01214     2.085    -2.127               7.724          1508Rb0255
  5711.511 607.01214     1.999    -2.408               7.724          1508Pb0165
  5711.549 106.00112     2.233    -7.051               3.466          A-X 4 26.5
  5711.549 607.01214     2.085    -2.832               7.724          1508Qd0265
  5711.575 607.01314     2.575    -3.021               7.724          1911Rc0095
  5711.613 607.01314     2.575    -2.349               7.724          1911Qa0105
  5711.650      59.1     1.363     -0.54                                        
  5711.656 106.00112     2.233    -5.103               3.466          A-X 4 25.5
  5711.661 106.00113     2.227    -5.150               3.466          A-X 4 26.5
  5711.675 106.00112     1.333    -4.597               3.466          B-X 3 14.5
  5711.676      22.0     2.343     -3.31                                        
  5711.722      24.0     4.613     -3.38                                        
  5711.740 106.00112     2.686    -4.934               3.466          A-X 3 35.5
  5711.741   21.0045     1.428    -0.450                                 LAWHFS 
  5711.760   21.0045     1.428    -1.070                                 LAWHFS 
  5711.768   21.0045     1.428    -0.660                                 LAWHFS 
  5711.775   21.0045     1.428    -1.940                                 LAWHFS 
  5711.776 607.01314     0.195    -3.309               7.724          0500Rb0285
  5711.784   21.0045     1.428    -0.910                                 LAWHFS 
  5711.785      42.0     2.678     -1.72                                        
  5711.790   21.0045     1.428    -0.950                                 LAWHFS 
  5711.793 106.00112     1.333    -8.583               3.466          B-X 3 14.5
  5711.795   23.0051     2.121    -6.011                                 KURHFS 
  5711.796   21.0045     1.428    -1.510                                 LAWHFS 
  5711.798   23.0051     2.121    -5.726                                 KURHFS 
  5711.798   23.0051     2.121    -5.981                                 KURHFS 
  5711.802   21.0045     1.428    -0.920                                 LAWHFS 
  5711.804   23.0051     2.121    -5.538                                 KURHFS 
  5711.804   23.0051     2.121    -5.981                                 KURHFS 
  5711.804   23.0051     2.121    -6.032                                 KURHFS 
  5711.806 607.01214     2.700    -1.980               7.724          1911Qa0215
  5711.808   21.0045     1.428    -1.390                                 LAWHFS 
  5711.811   21.0045     1.428    -1.260                                 LAWHFS 
  5711.813   23.0051     2.121    -5.447                                 KURHFS 
  5711.813   23.0051     2.121    -5.593                                 KURHFS 
  5711.813   23.0051     2.121    -6.157                                 KURHFS 
  5711.817   21.0045     1.428    -1.080                                 LAWHFS 
  5711.823   21.0045     1.428    -1.080                                 LAWHFS 
  5711.825   23.0051     2.121    -5.338                                 KURHFS 
  5711.825   23.0051     2.121    -5.425                                 KURHFS 
  5711.825   23.0051     2.121    -6.379                                 KURHFS 
  5711.840   23.0051     2.121    -5.140                                 KURHFS 
  5711.840   23.0051     2.121    -5.479                                 KURHFS 
  5711.840   23.0051     2.121    -6.789                                 KURHFS 
  5711.843 607.01314     0.195    -4.132               7.724          0500Qd0295
  5711.849      26.0     4.280     -1.46                                        
  5711.854      22.0     2.304     -0.94                                        
  5711.858   23.0051     2.121    -4.976                                 KURHFS 
  5711.858   23.0051     2.121    -5.675                                 KURHFS 
  5711.863 106.00113     2.227    -7.051               3.466          A-X 4 26.5
  5711.868      20.0     5.581     -2.75                                        
  5711.879   23.0051     2.121    -4.835                                 KURHFS 
  5711.882 106.00112     2.686    -8.541               3.466          A-X 3 34.5
  5711.888      28.0     1.934     -2.46                                 LAWLER 
  5711.906 607.01214     1.128    -3.409               7.724          1004Pc0235
  5711.966      23.1     4.513     -3.57                                        
  5711.967 607.01214     2.033    -1.959               7.724          1508Qb0205
  5711.968 607.01214     2.700    -3.064               7.724          1911Rc0205
  5711.989 106.00113     2.227    -5.103               3.466          A-X 4 25.5
  5711.992 607.01214     0.525    -4.652               7.724          0500Rd0475
  5712.009 106.00112     1.333    -4.513               3.466          B-X 3 15.5
  5712.010 607.01214     2.033    -3.064               7.724          1508Pd0215
  5712.057 607.01214     0.262    -2.995               7.724          0500Qb0325
  5712.106 106.00112     2.686    -7.320               3.466          A-X 3 35.5
  5712.117 607.01314     1.113    -2.055               7.724          1004Qb0245
  5712.132      26.0     3.414     -2.01                                  DEN14 
  5712.136 607.01214     0.262    -4.483               7.724          0500Pd0335
  5712.166      23.0     4.253     -3.05                                        
  5712.172 607.01314     1.113    -3.287               7.724          1004Pd0255
  5712.180 607.01214     2.761    -2.862               7.724          1911Qd0275
  5712.187 607.01314     1.901    -3.110               7.724          1508Pb0045
  5712.187 607.01314     1.933    -2.471               7.724          1508Rb0125
  5712.205 607.01314     1.933    -2.750               7.724          1508Qd0135
  5712.228      22.1     1.891     -6.54                                        
  5712.247 607.01314     2.608    -2.361               7.724          1911Ra0165
  5712.248 106.00112     2.686    -4.872               3.466          A-X 3 34.5
  5712.292      58.0     0.515     -0.92                                        
  5712.298 607.01314     2.596    -2.217               7.724          1911Qb0135
  5712.322 607.01314     2.596    -3.042               7.724          1911Pd0145
  5712.364 607.01314     1.991    -3.128               7.724          1508Rd0215
  5712.369      26.0     4.909     -2.96                                        
  5712.388 106.00113     2.496    -6.038               3.466          A-X 6 22.5
  5712.391      57.1     0.173     -1.99                                        
  5712.422      24.0     5.474     -3.69                                        
  5712.427      24.0     4.407     -2.49                                        
  5712.436 607.01214     1.558    -5.198               7.724          0600Rc0815
  5712.591      24.0     4.532     -1.28                                        
  5712.599 607.01214     1.175    -3.084               7.724          1004Qc0275
  5712.602 607.01214     2.762    -2.156               7.724          1911Rb0265
  5712.630 607.01214     1.558    -3.073               7.724          0600Qa0825
  5712.645 607.01314     1.055    -2.985               7.724          1004Qc0185
  5712.663 607.01214     1.175    -2.333               7.724          1004Pa0285
  5712.684 607.01314     1.055    -2.525               7.724          1004Pa0195
  5712.770 607.01214     2.073    -2.116               7.724          1508Ra0255
  5712.771      24.0     3.008     -1.03                                 SOBECK 
  5712.810 607.01214     2.750    -2.145               7.724          1911Ra0265
  5712.839 607.01314     0.035    -4.455               7.724          0500Pc0115
  5712.882      26.0     4.909     -2.38                                        
  5712.944 607.01314     2.580    -2.696               7.724          1911Pb0105
  5712.974 607.01314     1.910    -2.473               7.724          1508Qb0075
  5712.991 607.01314     1.910    -3.075               7.724          1508Pd0085
  5712.993 607.01314     0.182    -3.300               7.724          0500Ra0285
  5713.059 607.01214     1.379    -3.467               7.724          0600Pb0765
  5713.093 607.01314     2.564    -2.896               7.724          1911Qc0065
  5713.101      20.0     5.386     -3.90                                        
  5713.101 607.01314     2.564    -2.970               7.724          1911Pa0075
  5713.108 607.01314     2.559    -3.554               7.724          1911Pc0045
  5713.121 607.01214     0.177    -4.169               7.724          0500Qc0265
  5713.139 607.01314     1.851    -3.243               7.724          1407Pc0285
  5713.186 607.01214     0.177    -3.420               7.724          0500Pa0275
  5713.190 607.01214     2.683    -2.387               7.724          1911Pb0185
  5713.240 607.01214     0.364    -3.164               7.724          0500Ra0395
  5713.256      72.0     3.071     -0.52                                        
  5713.303      24.0     3.090     -7.22                                        
  5713.316 112.00124     0.769    -4.087               1.340          13R120b24 
  5713.365 607.01314     2.630    -2.325               7.724          1911Rb0185
  5713.392 607.01314     0.104    -4.306               7.724          0500Rc0205
  5713.397 607.01314     2.630    -2.797               7.724          1911Qd0195
  5713.404 607.01314     1.102    -3.248               7.724          1004Rc0235
  5713.441 607.01314     0.104    -3.181               7.724          0500Qa0215
  5713.442 607.01214     1.245    -3.352               7.724          1004Rc0325
  5713.453 106.00113     1.713    -7.047               3.466          A-X 2 25.5
  5713.457 607.01314     1.102    -2.057               7.724          1004Qa0245
  5713.458      71.1     3.643     -1.14                                        
  5713.501 607.01314     2.684    -3.175               7.724          1911Rd0255
  5713.507 106.00112     2.402    -5.247               3.466          A-X 5 25.5
  5713.516 607.01214     1.245    -1.916               7.724          1004Qa0335
  5713.573      23.0     1.892     -2.23                               LAWNOHFS 
  5713.602 106.00112     1.798    -7.117               3.466          A-X 2 26.5
  5713.604 607.01314     2.580    -3.017               7.724          1911Rc0105
  5713.636 607.01314     2.580    -2.302               7.724          1911Qa0115
  5713.674 106.00112     2.402    -6.922               3.466          A-X 5 25.5
  5713.713 607.01214     3.224    -3.289               7.724          2213Pc0295
  5713.755      22.0     3.125     -3.26                                        
  5713.764 607.01214     1.188    -2.325               7.724          1004Pb0285
  5713.779 106.00113     1.266    -6.111               3.466          B-X 4  2.5
  5713.781 106.00112     2.402    -5.102               3.466          A-X 5 24.5
  5713.783 607.01214     0.190    -3.411               7.724          0500Pb0275
  5713.794      22.0     3.164     -3.48                                        
  5713.880      22.0     2.287     -1.13                                        
  5713.886      28.0     5.493     -1.50                                        
  5713.974      24.0     0.941     -7.24                                        
  5714.010      57.0     0.869     -1.11                                        
  5714.082 112.00124     1.196    -1.372               1.340          02Q237b24 
  5714.138 607.01314     1.938    -2.433               7.724          1508Rb0135
  5714.164 607.01314     1.938    -2.748               7.724          1508Qd0145
  5714.255 106.00113     1.375    -4.515               3.466          B-X 3 15.5
  5714.271      25.0     6.122     -2.71                                        
  5714.283 112.00124     1.196    -4.952               1.340          02P137b24 
  5714.302 112.00124     1.196    -4.820               1.340          02R237b24 
  5714.321 607.01214     1.325    -3.677               7.724          0903Rc0495
  5714.324      23.0     1.375     -8.39                                        
  5714.333 607.01214     2.024    -3.031               7.724          1508Rc0195
  5714.350      22.0     2.173     -4.67                                        
  5714.364 106.00113     1.375    -8.491               3.466          B-X 3 15.5
  5714.370 607.01214     2.024    -1.961               7.724          1508Qa0205
  5714.395   25.0055     3.370    -4.035                                 KURHFS 
  5714.395   25.0055     3.370    -4.813                                 KURHFS 
  5714.411   25.0055     3.370    -4.298                                 KURHFS 
  5714.411   25.0055     3.370    -4.650                                 KURHFS 
  5714.411   25.0055     3.370    -4.813                                 KURHFS 
  5714.424   25.0055     3.370    -4.629                                 KURHFS 
  5714.424   25.0055     3.370    -4.645                                 KURHFS 
  5714.424   25.0055     3.370    -4.650                                 KURHFS 
  5714.434   25.0055     3.370    -4.645                                 KURHFS 
  5714.434   25.0055     3.370    -4.747                                 KURHFS 
  5714.434   25.0055     3.370    -5.076                                 KURHFS 
  5714.435 607.01214     1.325    -1.928               7.724          0903Qa0505
  5714.440   25.0055     3.370    -4.747                                 KURHFS 
  5714.440   25.0055     3.370    -5.009                                 KURHFS 
  5714.440   25.0055     3.370    -5.775                                 KURHFS 
  5714.444   25.0055     3.370    -5.009                                 KURHFS 
  5714.475 607.01214     1.217    -3.429               7.724          0903Qc0445
  5714.480 607.01314     0.077    -3.626               7.724          0500Pb0175
  5714.494 607.01314     0.061    -4.052               7.724          0500Qc0155
  5714.503 112.00124     1.196    -1.360               1.340          02Q137b24 
  5714.516      23.0     3.265     -2.42                                        
  5714.516 607.01214     0.129    -4.502               7.724          0500Pc0225
  5714.532 607.01314     0.061    -3.681               7.724          0500Pa0165
  5714.536      57.0     1.234     -1.22                                        
  5714.551      26.0     5.082     -1.50                                        
  5714.553 106.00113     1.375    -4.425               3.466          B-X 3 16.5
  5714.578 607.01214     1.217    -2.313               7.724          0903Pa0455
  5714.591 607.01314     1.903    -3.004               7.724          1508Pb0055
  5714.673 607.01314     0.124    -3.157               7.724          0500Qb0225
  5714.689 106.00113     2.003    -7.591               3.466          A-X 5 18.5
  5714.690      24.0     4.486     -4.34                                        
  5714.710 607.01314     0.331    -4.548               7.724          0500Rd0385
  5714.713 607.01314     2.615    -2.334               7.724          1911Ra0175
  5714.726 607.01314     0.124    -4.353               7.724          0500Pd0235
  5714.778 607.01314     1.072    -2.481               7.724          1004Pb0205
  5714.814 607.01214     1.627    -3.843               7.724          0903Rd0625
  5714.865 106.00113     0.803    -6.997               3.466          A-X 2  8.5
  5714.872      26.0     3.239     -4.89                                        
  5714.888 607.01314     2.000    -3.134               7.724          1508Rd0225
  5714.945      39.0     1.965     -1.22                                        
  5714.966 607.01314     1.913    -2.409               7.724          1508Qb0085
  5714.985 607.01314     1.913    -3.055               7.724          1508Pd0095
  5714.995 607.01314     2.551    -3.227               7.724          1810Pc0315
  5715.039 112.00124     1.134    -1.033               1.340          13Q232b24 
  5715.055 607.01314     1.031    -3.349               7.724          1004Pc0155
  5715.059      21.0     3.055     -3.13                                        
  5715.066      28.0     4.085     -0.35                                        
  5715.087 607.01214     2.654    -3.183               7.724          1911Pc0145
  5715.090      42.0     4.325     -0.89                                        
  5715.091      26.0     4.280     -2.14                                        
  5715.102      26.0     4.188     -2.92                                        
  5715.116      22.0     2.254     -0.50                                 LAWLER 
  5715.117 607.01214     2.719    -3.100               7.724          1911Pd0235
  5715.166      24.0     4.614     -1.60                                        
  5715.200 607.01214     1.992    -2.783               7.724          1508Qc0155
  5715.217 112.00124     1.134    -4.984               1.340          13P132b24 
  5715.222      73.0     1.324     -1.98                                        
  5715.230 607.01214     1.992    -2.432               7.724          1508Pa0165
  5715.251      24.0     3.553     -2.40                                        
  5715.259      58.1     1.543     -0.89                                        
  5715.262 607.01214     1.343    -2.105               7.724          1004Ra0395
  5715.284 112.00124     1.134    -4.984               1.340          13R232b24 
  5715.305 607.01214     1.379    -5.000               7.724          0600Qc0765
  5715.306 607.01314     2.568    -2.864               7.724          1911Qc0075
  5715.314 607.01214     1.972    -3.173               7.724          1508Pc0125
  5715.317 607.01314     2.568    -2.887               7.724          1911Pa0085
  5715.351 607.01214     2.719    -1.956               7.724          1911Qb0225
  5715.392      21.0     4.419     -2.48                                        
  5715.392      21.0     4.419     -2.63                                        
  5715.402 607.01314     1.903    -2.712               7.724          1508Ra0065
  5715.444 607.01314     1.901    -2.773               7.724          1508Ra0055
  5715.447 607.01214     0.382    -3.169               7.724          0500Rb0395
  5715.462 112.00124     1.134    -1.020               1.340          13Q132b24 
  5715.470      26.0     4.151     -2.98                                        
  5715.486 607.01214     1.260    -1.915               7.724          1004Qb0335
  5715.487 607.01214     1.379    -3.461               7.724          0600Pa0775
  5715.535 607.01314     2.602    -2.180               7.724          1911Qb0145
  5715.542 607.01214     0.382    -4.260               7.724          0500Qd0405
  5715.559 607.01314     2.602    -3.041               7.724          1911Pd0155
  5715.563 607.01214     1.260    -3.395               7.724          1004Pd0345
  5715.570 607.01314     1.906    -2.656               7.724          1508Ra0075
  5715.571 607.01214     2.675    -2.407               7.724          1911Pa0185
  5715.578      41.0     1.522     -2.09                                        
  5715.646 607.01214     2.675    -2.814               7.724          1911Qc0175
  5715.697 607.01314     1.899    -2.840               7.724          1508Ra0045
  5715.718 607.01314     2.562    -3.446               7.724          1911Pc0055
  5715.753 106.00112     2.008    -7.591               3.466          A-X 5 18.5
  5715.769 106.00113     1.104    -7.443               3.466          B-X 3  8.5
  5715.791      69.0     1.892     -0.96                                        
  5715.793      26.0     4.555     -3.61                                        
  5715.811 106.00113     2.397    -5.247               3.466          A-X 5 25.5
  5715.817      27.0     3.620     -2.80                                        
  5715.821      20.0     2.709     -3.24                                 LAWLER 
  5715.836      26.0     4.981     -3.50                                        
  5715.853 607.01314     2.585    -3.014               7.724          1911Rc0115
  5715.881 607.01314     2.585    -2.258               7.724          1911Qa0125
  5715.896 607.01314     0.208    -3.292               7.724          0500Rb0295
  5715.908 106.00113     0.803    -7.025               3.466          A-X 2  8.5
  5715.949 607.01314     1.910    -2.605               7.724          1508Ra0085
  5715.966 607.01314     0.208    -4.140               7.724          0500Qd0305
  5715.968 607.01214     1.468    -2.152               7.724          0903Rb0555
  5715.974      25.0     4.682     -2.60                                        
  5716.031      42.0     3.185     -2.09                                        
  5716.055      22.0     3.059     -3.82                                        
  5716.081 106.00113     2.397    -6.922               3.466          A-X 5 25.5
  5716.096 607.01214     1.468    -3.470               7.724          0903Qd0565
  5716.098 607.01214     2.096    -2.109               7.724          1508Rb0265
  5716.110      24.0     3.446     -3.81                                        
  5716.152 607.01214     2.096    -2.839               7.724          1508Qd0275
  5716.164 607.01314     1.897    -2.916               7.724          1508Ra0035
  5716.171      26.0     4.470     -3.22                                        
  5716.231 106.00113     2.397    -5.101               3.466          A-X 5 24.5
  5716.231 607.01214     2.007    -2.377               7.724          1508Pb0175
  5716.276 607.01314     1.945    -2.398               7.724          1508Rb0145
  5716.301 607.01314     1.945    -2.749               7.724          1508Qd0155
  5716.359      41.0     1.531     -1.51                                        
  5716.377 607.01214     2.709    -1.957               7.724          1911Qa0225
  5716.428 607.01214     0.262    -4.445               7.724          0500Rc0325
  5716.445      22.0     2.295     -0.70                                        
  5716.462      58.0     0.847     -0.28                                        
  5716.478 607.01314     2.585    -2.646               7.724          1911Pb0115
  5716.480      20.0     5.574     -4.31                                        
  5716.484      25.0     5.083     -4.27                                        
  5716.508 607.01214     0.262    -2.981               7.724          0500Qa0335
  5716.510 607.01214     2.042    -1.935               7.724          1508Qb0215
  5716.537 607.01314     1.913    -2.559               7.724          1508Ra0095
  5716.556 607.01214     2.042    -3.071               7.724          1508Pd0225
  5716.559      73.0     1.516     -2.68                                        
  5716.573 607.01214     2.709    -3.072               7.724          1911Rc0215
  5716.712 607.01314     2.638    -2.300               7.724          1911Rb0195
  5716.718      22.0     3.421     -3.30                                        
  5716.746 607.01314     2.638    -2.803               7.724          1911Qd0205
  5716.748 106.00112     1.720    -7.046               3.466          A-X 2 25.5
  5716.767 106.00113     2.497    -6.099               3.466          A-X 6 22.5
  5716.794      23.0     4.255     -2.17                                        
  5716.812 607.01314     0.195    -3.284               7.724          0500Ra0295
  5716.820 607.01314     0.041    -4.445               7.724          0500Pc0125
  5716.844 607.01314     1.896    -3.001               7.724          1508Ra0025
  5716.867 607.01314     1.124    -2.035               7.724          1004Qb0255
  5716.875      92.0     0.552     -1.59                                        
  5716.925 607.01314     1.124    -3.295               7.724          1004Pd0265
  5716.941      75.0     3.303     -0.87                                        
  5716.982 607.01314     0.113    -4.314               7.724          0500Rc0215
  5717.017 607.01214     2.085    -2.098               7.724          1508Ra0265
  5717.020      27.0     3.527     -3.61                                        
  5717.034 607.01314     0.113    -3.158               7.724          0500Qa0225
  5717.057 607.01314     1.063    -2.991               7.724          1004Qc0195
  5717.101 607.01314     1.063    -2.497               7.724          1004Pa0205
  5717.134 607.01314     1.918    -2.352               7.724          1508Qb0095
  5717.154 607.01314     1.918    -3.040               7.724          1508Pd0105
  5717.162 607.01314     1.906    -2.915               7.724          1508Pb0065
  5717.195 112.00124     0.928    -1.933               1.340          02R230b24 
  5717.196 607.01214     2.773    -2.870               7.724          1911Qd0285
  5717.199 607.01314     2.695    -3.182               7.724          1911Rd0265
  5717.289   21.0045     1.439    -1.920                                 LAWHFS 
  5717.289   21.0045     1.439    -2.060                                 LAWHFS 
  5717.289   21.0045     1.439    -2.340                                 LAWHFS 
  5717.291   21.0045     1.439    -1.850                                 LAWHFS 
  5717.292   21.0045     1.439    -3.360                                 LAWHFS 
  5717.294   21.0045     1.439    -1.850                                 LAWHFS 
  5717.294   21.0045     1.439    -2.340                                 LAWHFS 
  5717.294   21.0045     1.439    -2.660                                 LAWHFS 
  5717.297   21.0045     1.439    -1.910                                 LAWHFS 
  5717.297   21.0045     1.439    -2.060                                 LAWHFS 
  5717.297   21.0045     1.439    -2.210                                 LAWHFS 
  5717.302   21.0045     1.439    -1.880                                 LAWHFS 
  5717.302   21.0045     1.439    -1.920                                 LAWHFS 
  5717.302   21.0045     1.439    -2.110                                 LAWHFS 
  5717.307   21.0045     1.439    -1.620                                 LAWHFS 
  5717.308   21.0045     1.439    -1.850                                 LAWHFS 
  5717.314   21.0045     1.439    -1.400                                 LAWHFS 
  5717.315   21.0045     1.439    -1.850                                 LAWHFS 
  5717.321   21.0045     1.439    -1.210                                 LAWHFS 
  5717.324   21.0045     1.439    -1.910                                 LAWHFS 
  5717.332 607.01314     1.918    -2.516               7.724          1508Ra0105
  5717.333   21.0045     1.439    -2.110                                 LAWHFS 
  5717.354      20.0     5.014     -5.45                                        
  5717.377      20.0     2.709     -4.33                                 LAWLER 
  5717.384 112.00124     0.928    -4.688               1.340          02Q130b24 
  5717.393 607.01314     2.622    -2.309               7.724          1911Ra0185
  5717.473 112.00124     0.730    -4.666               1.340          02R124b24 
  5717.486      68.0     1.308     -0.44                                        
  5717.506 607.01214     2.761    -2.129               7.724          1911Ra0275
  5717.518      20.0     4.760     -0.89                                        
  5717.562      25.0     5.574     -2.21                                        
  5717.603 607.01314     2.009    -3.141               7.724          1508Rd0235
  5717.634 106.00113     2.004    -7.539               3.466          A-X 5 18.5
  5717.676 607.01214     2.773    -2.139               7.724          1911Rb0275
  5717.689 607.01214     1.139    -3.752               7.724          0903Pc0405
  5717.740 607.01314     1.895    -3.095               7.724          1508Ra0015
  5717.742 607.01314     2.571    -2.840               7.724          1911Qc0085
  5717.758 607.01314     2.571    -2.815               7.724          1911Pa0095
  5717.777 112.00124     0.928    -1.921               1.340          02R130b24 
  5717.796 607.01314     1.113    -3.256               7.724          1004Rc0245
  5717.833      26.0     4.284     -0.96                                  RUF14 
  5717.851 607.01314     1.113    -2.037               7.724          1004Qa0255
  5717.881      20.0     4.427     -1.36                                        
  5717.901 607.01214     1.360    -2.110               7.724          1004Rb0395
  5717.919      62.0     1.542     -0.12                                        
  5717.991 607.01214     1.360    -3.162               7.724          1004Qd0405
  5717.995      28.0     5.016     -4.08                                        
  5718.050      24.1     5.996     -3.69                                        
  5718.094      26.0     2.424     -8.32                                        
  5718.116 607.01214     0.278    -2.980               7.724          0500Qb0335
  5718.120      60.1     1.409     -0.40                                 LAWLER 
  5718.197 607.01214     0.278    -4.491               7.724          0500Pd0345
  5718.208 607.01314     0.069    -4.055               7.724          0500Qc0165
  5718.233      25.0     5.692     -0.01                                        
  5718.247 607.01314     0.069    -3.648               7.724          0500Pa0175
  5718.320 607.01314     2.590    -3.014               7.724          1911Rc0125
  5718.339 607.01314     1.922    -2.476               7.724          1508Ra0115
  5718.339 607.01314     2.590    -2.218               7.724          1911Qa0135
  5718.354      24.1     4.009     -7.98                                        
  5718.365      58.0     0.172     -1.45                                        
  5718.451 607.01214     2.033    -3.038               7.724          1508Rc0205
  5718.462      66.0     2.287      0.50                                        
  5718.475   23.0051     2.113    -5.231                                 KURHFS 
  5718.475   23.0051     2.113    -5.447                                 KURHFS 
  5718.475   23.0051     2.113    -5.696                                 KURHFS 
  5718.475   23.0051     2.113    -5.704                                 KURHFS 
  5718.475   23.0051     2.113    -5.730                                 KURHFS 
  5718.475   23.0051     2.113    -5.857                                 KURHFS 
  5718.475   23.0051     2.113    -5.868                                 KURHFS 
  5718.475   23.0051     2.113    -5.868                                 KURHFS 
  5718.475   23.0051     2.113    -6.044                                 KURHFS 
  5718.475   23.0051     2.113    -6.169                                 KURHFS 
  5718.475   23.0051     2.113    -6.294                                 KURHFS 
  5718.475   23.0051     2.113    -6.722                                 KURHFS 
  5718.483 607.01214     0.547    -4.658               7.724          0500Rd0485
  5718.487 607.01214     2.033    -1.937               7.724          1508Qa0215
  5718.495 607.01214     1.139    -3.416               7.724          1004Pc0245
  5718.511 607.01214     2.691    -2.359               7.724          1911Pb0195
  5718.553 607.01314     2.564    -3.370               7.724          1911Pc0065
  5718.590      24.0     2.985     -3.52                                        
  5718.592      58.1     1.875     -1.07                                        
  5718.601 607.01314     1.951    -2.365               7.724          1508Rb0155
  5718.631 607.01314     1.951    -2.750               7.724          1508Qd0165
  5718.651      20.0     4.765     -1.01                                        
  5718.694 106.00112     2.506    -6.037               3.466          A-X 6 22.5
  5718.743 106.00112     2.010    -7.539               3.466          A-X 5 18.5
  5718.809      25.1     6.640     -5.37                                        
  5718.813 607.01314     0.134    -3.135               7.724          0500Qb0235
  5718.840 607.01314     0.085    -3.596               7.724          0500Pb0185
  5718.847 607.01314     1.895    -3.195               7.724          1508Ra0005
  5718.863      26.0     5.481     -3.65                                        
  5718.869 607.01314     0.134    -4.361               7.724          0500Pd0245
  5718.956 607.01214     1.468    -2.140               7.724          0903Ra0565
  5718.965 607.01314     2.608    -2.146               7.724          1911Qb0155
  5718.972      26.0     4.952     -2.26                                        
  5718.987 607.01214     1.188    -3.092               7.724          1004Qc0285
  5718.992 607.01314     2.608    -3.041               7.724          1911Pd0165
  5719.036      58.0     0.719      0.43                                        
  5719.037 607.01214     0.190    -4.178               7.724          0500Qc0275
  5719.053 607.01214     1.188    -2.315               7.724          1004Pa0295
  5719.064      59.1     0.795     -1.05                                        
  5719.080      60.1     0.550     -1.66                                 LAWLER 
  5719.105 607.01214     0.190    -3.402               7.724          0500Pa0285
  5719.116      62.1     1.075     -2.29                                        
  5719.130      22.0     2.331     -3.24                                        
  5719.175      72.0     1.113     -1.36                                        
  5719.255 607.01214     0.382    -3.152               7.724          0500Ra0405
  5719.283      23.1     5.863     -2.71                                        
  5719.296      25.0     4.191     -2.98                                        
  5719.348 607.01314     0.349    -4.554               7.724          0500Rd0395
  5719.412 607.01214     1.999    -2.786               7.724          1508Qc0165
  5719.448 607.01214     1.999    -2.398               7.724          1508Pa0175
  5719.478 607.01314     1.922    -2.301               7.724          1508Qb0105
  5719.500 607.01314     1.922    -3.029               7.724          1508Pd0115
  5719.505 106.00113     1.715    -7.118               3.466          A-X 2 25.5
  5719.535      58.0     0.159     -1.55                                        
  5719.545 607.01314     1.927    -2.439               7.724          1508Ra0125
  5719.553      68.0     1.068     -0.57                                        
  5719.623      90.0     0.929     -1.66                                        
  5719.640      59.1     1.003     -0.85                                        
  5719.800 607.01214     1.260    -3.360               7.724          1004Rc0335
  5719.804 607.01314     1.082    -2.456               7.724          1004Pb0215
  5719.807 607.01214     1.978    -3.165               7.724          1508Pc0135
  5719.814 607.01214     1.787    -3.287               7.724          0600Rb0875
  5719.816      24.0     3.011     -1.58                                 SOBECK 
  5719.821      26.0     2.277     -7.93                                        
  5719.823      23.0     2.573     -7.66                                        
  5719.850 607.01314     1.039    -3.348               7.724          1004Pc0165
  5719.877 607.01214     1.260    -1.902               7.724          1004Qa0345
  5719.910 607.01314     1.910    -2.837               7.724          1508Pb0075
  5719.932 607.01314     1.896    -3.185               7.724          1508Rc0015
  5719.940 607.01314     1.896    -3.017               7.724          1508Qa0025
  5719.944 607.01314     1.895    -3.240               7.724          1508Rc0005
  5719.947 607.01314     1.895    -3.270               7.724          1508Qa0015
  5720.001      70.0     3.429      0.57                                        
  5720.009      57.0     0.433     -1.47                                        
  5720.022 607.01214     1.787    -4.980               7.724          0600Qd0885
  5720.033 607.01214     0.203    -3.394               7.724          0500Pb0285
  5720.039      21.1     7.154     -2.16                                        
  5720.113 607.01214     2.660    -3.179               7.724          1911Pc0155
  5720.127      21.0     4.429     -1.89                                        
  5720.134 607.01314     1.897    -3.135               7.724          1508Rc0025
  5720.140 607.01314     1.897    -2.856               7.724          1508Qa0035
  5720.167      25.0     5.668      0.12                                        
  5720.176      62.0     0.036     -2.07                                        
  5720.183      90.0     0.457     -1.70                                        
  5720.189 607.01314     0.222    -3.276               7.724          0500Rb0305
  5720.207 607.01314     2.590    -2.600               7.724          1911Pb0125
  5720.239      15.0     7.170     -4.85                                        
  5720.252      25.0     4.662     -3.66                                        
  5720.261 607.01314     0.222    -4.147               7.724          0500Qd0315
  5720.261 607.01314     2.646    -2.276               7.724          1911Rb0205
  5720.285 607.01314     2.630    -2.285               7.724          1911Ra0195
  5720.294 607.01214     2.729    -3.108               7.724          1911Pd0245
  5720.297 607.01314     2.646    -2.810               7.724          1911Qd0215
  5720.330      25.0     5.594     -3.04                                        
  5720.389      27.1     3.457     -6.55                                        
  5720.390      26.0     4.962     -4.30                                        
  5720.390 607.01214     2.683    -2.377               7.724          1911Pa0195
  5720.401 607.01314     2.575    -2.822               7.724          1911Qc0095
  5720.415 607.01314     2.575    -2.751               7.724          1911Pa0105
  5720.435 106.00112     0.805    -6.996               3.466          A-X 2  8.5
  5720.436      22.0     2.290     -0.90                                        
  5720.489 607.01214     1.202    -2.308               7.724          1004Pb0295
  5720.495 607.01214     2.683    -2.819               7.724          1911Qc0185
  5720.509 607.01314     2.019    -3.148               7.724          1508Rd0245
  5720.550 607.01314     1.899    -3.094               7.724          1508Rc0035
  5720.557 607.01214     1.238    -2.311               7.724          0903Pb0455
  5720.558 607.01314     1.899    -2.734               7.724          1508Qa0045
  5720.569 607.01214     2.729    -1.935               7.724          1911Qb0235
  5720.572      23.0     2.741     -1.18                                        
  5720.593 607.01314     1.864    -3.250               7.724          1407Pc0295
  5720.617      39.0     2.036     -0.60                                        
  5720.746 607.01214     0.140    -4.509               7.724          0500Pc0235
  5720.753 607.01314     0.124    -4.321               7.724          0500Rc0225
  5720.756      23.1     5.533     -4.78                                        
  5720.760   27.0059     2.041    -5.172                                 KURHFS 
  5720.760   27.0059     2.041    -5.172                                 KURHFS 
  5720.760   27.0059     2.041    -5.473                                 KURHFS 
  5720.767   27.0059     2.041    -5.008                                 KURHFS 
  5720.767   27.0059     2.041    -5.034                                 KURHFS 
  5720.767   27.0059     2.041    -5.348                                 KURHFS 
  5720.775       6.0     8.531     -2.71                                        
  5720.776   27.0059     2.041    -4.751                                 KURHFS 
  5720.776   27.0059     2.041    -5.000                                 KURHFS 
  5720.776   27.0059     2.041    -5.598                                 KURHFS 
  5720.787   27.0059     2.041    -4.535                                 KURHFS 
  5720.787   27.0059     2.041    -5.161                                 KURHFS 
  5720.787   27.0059     2.041    -6.026                                 KURHFS 
  5720.806 607.01314     0.124    -3.137               7.724          0500Qa0235
  5720.810 607.01314     0.208    -3.269               7.724          0500Ra0305
  5720.837      26.0     5.008     -2.31                                        
  5720.864 607.01214     1.253    -3.210               7.724          1105Rd0095
  5720.886      26.0     4.545     -1.95                                        
  5720.891 607.01214     1.249    -3.222               7.724          1105Rd0085
  5720.892 607.01214     1.348    -1.928               7.724          0903Qb0505
  5720.906 607.01214     2.108    -2.092               7.724          1508Rb0275
  5720.923      21.0     2.336     -1.46                                        
  5720.933      25.1     6.795     -4.77                                        
  5720.952      22.0     3.059     -2.73                                        
  5720.960 607.01314     1.933    -2.404               7.724          1508Ra0135
  5720.962 607.01214     2.108    -2.847               7.724          1508Qd0285
  5720.975      24.1     3.906     -5.47                                        
  5720.990 607.01314     0.047    -4.437               7.724          0500Pc0135
  5721.005 607.01314     2.596    -3.015               7.724          1911Rc0135
  5721.009 607.01214     1.348    -3.733               7.724          0903Pd0515
  5721.010 607.01214     1.257    -3.202               7.724          1105Rd0105
  5721.031 607.01314     2.596    -2.181               7.724          1911Qa0145
