Mn 4754 +/-10 A
  4031.759   25.0055     3.133    -1.749                                 KURHFS 
  4031.766   25.0055     3.133    -1.655                                 KURHFS 
  4031.766   25.0055     3.133    -2.548                                 KURHFS 
  4031.774   25.0055     3.133    -1.560                                 KURHFS 
  4031.774   25.0055     3.133    -2.354                                 KURHFS 
  4031.774   25.0055     3.133    -3.870                                 KURHFS 
  4031.785   25.0055     3.133    -1.468                                 KURHFS 
  4031.785   25.0055     3.133    -2.302                                 KURHFS 
  4031.785   25.0055     3.133    -3.711                                 KURHFS 
  4031.798   25.0055     3.133    -1.380                                 KURHFS 
  4031.798   25.0055     3.133    -2.346                                 KURHFS 
  4031.798   25.0055     3.133    -3.791                                 KURHFS 
  4031.813   25.0055     3.133    -1.297                                 KURHFS 
  4031.813   25.0055     3.133    -2.539                                 KURHFS 
  4031.813   25.0055     3.133    -4.113                                 KURHFS 
  4032.218      25.0     4.329     -1.62                                        
  4032.691      25.0     5.108     -0.49                                        
  4033.044   25.0055     0.000    -1.229                                 LAWHFS 
  4033.046   25.0055     0.000    -2.007                                 LAWHFS 
  4033.056   25.0055     0.000    -2.007                                 LAWHFS 
  4033.058   25.0055     0.000    -1.492                                 LAWHFS 
  4033.060   25.0055     0.000    -1.844                                 LAWHFS 
  4033.068   25.0055     0.000    -1.844                                 LAWHFS 
  4033.070   25.0055     0.000    -1.823                                 LAWHFS 
  4033.071   25.0055     0.000    -1.839                                 LAWHFS 
  4033.078   25.0055     0.000    -1.839                                 LAWHFS 
  4033.079   25.0055     0.000    -2.270                                 LAWHFS 
  4033.080   25.0055     0.000    -1.941                                 LAWHFS 
  4033.084   25.0055     0.000    -1.941                                 LAWHFS 
  4033.085   25.0055     0.000    -2.203                                 LAWHFS 
  4033.085   25.0055     0.000    -2.969                                 LAWHFS 
  4033.088   25.0055     0.000    -2.203                                 LAWHFS 
  4033.178   25.0055     3.133    -2.952                                 KURHFS 
  4033.178   25.0055     3.133    -3.596                                 KURHFS 
  4033.184   25.0055     3.133    -2.898                                 KURHFS 
  4033.184   25.0055     3.133    -3.399                                 KURHFS 
  4033.184   25.0055     3.133    -3.596                                 KURHFS 
  4033.193   25.0055     3.133    -2.792                                 KURHFS 
  4033.193   25.0055     3.133    -3.343                                 KURHFS 
  4033.193   25.0055     3.133    -3.399                                 KURHFS 
  4033.203   25.0055     3.133    -2.668                                 KURHFS 
  4033.203   25.0055     3.133    -3.343                                 KURHFS 
  4033.203   25.0055     3.133    -3.384                                 KURHFS 
  4033.216   25.0055     3.133    -2.540                                 KURHFS 
  4033.216   25.0055     3.133    -3.384                                 KURHFS 
  4033.216   25.0055     3.133    -3.574                                 KURHFS 
  4033.231   25.0055     3.133    -2.415                                 KURHFS 
  4033.231   25.0055     3.133    -3.574                                 KURHFS 
  4033.556   25.0055     3.133    -1.947                                 KURHFS 
  4033.561   25.0055     3.133    -1.814                                 KURHFS 
  4033.561   25.0055     3.133    -2.458                                 KURHFS 
  4033.568   25.0055     3.133    -1.684                                 KURHFS 
  4033.568   25.0055     3.133    -2.270                                 KURHFS 
  4033.568   25.0055     3.133    -3.555                                 KURHFS 
  4033.578   25.0055     3.133    -1.562                                 KURHFS 
  4033.578   25.0055     3.133    -2.215                                 KURHFS 
  4033.578   25.0055     3.133    -3.424                                 KURHFS 
  4033.590   25.0055     3.133    -1.449                                 KURHFS 
  4033.590   25.0055     3.133    -2.253                                 KURHFS 
  4033.590   25.0055     3.133    -3.521                                 KURHFS 
  4033.604   25.0055     3.133    -1.345                                 KURHFS 
  4033.604   25.0055     3.133    -2.441                                 KURHFS 
  4033.604   25.0055     3.133    -3.856                                 KURHFS 
  4033.625   25.0055     3.132    -2.410                                 KURHFS 
  4033.628   25.0055     3.132    -2.125                                 KURHFS 
  4033.628   25.0055     3.132    -2.380                                 KURHFS 
  4033.634   25.0055     3.132    -1.903                                 KURHFS 
  4033.634   25.0055     3.132    -2.204                                 KURHFS 
  4033.634   25.0055     3.132    -3.158                                 KURHFS 
  4033.644   25.0055     3.132    -1.719                                 KURHFS 
  4033.644   25.0055     3.132    -2.137                                 KURHFS 
  4033.644   25.0055     3.132    -3.079                                 KURHFS 
  4033.657   25.0055     3.132    -1.561                                 KURHFS 
  4033.657   25.0055     3.132    -2.163                                 KURHFS 
  4033.657   25.0055     3.132    -3.204                                 KURHFS 
  4033.673   25.0055     3.132    -1.421                                 KURHFS 
  4033.673   25.0055     3.132    -2.339                                 KURHFS 
  4033.673   25.0055     3.132    -3.556                                 KURHFS 
  4034.338   25.0055     3.133    -4.894                                 KURHFS 
  4034.338   25.0055     3.133    -5.405                                 KURHFS 
  4034.338   25.0055     3.133    -6.502                                 KURHFS 
  4034.345   25.0055     3.133    -4.761                                 KURHFS 
  4034.345   25.0055     3.133    -5.217                                 KURHFS 
  4034.345   25.0055     3.133    -6.371                                 KURHFS 
  4034.353   25.0055     3.133    -4.631                                 KURHFS 
  4034.353   25.0055     3.133    -5.162                                 KURHFS 
  4034.353   25.0055     3.133    -6.468                                 KURHFS 
  4034.364   25.0055     3.133    -4.509                                 KURHFS 
  4034.364   25.0055     3.133    -5.200                                 KURHFS 
  4034.364   25.0055     3.133    -6.803                                 KURHFS 
  4034.377   25.0055     3.133    -4.396                                 KURHFS 
  4034.377   25.0055     3.133    -5.388                                 KURHFS 
  4034.392   25.0055     3.133    -4.292                                 KURHFS 
  4034.469   25.0055     0.000    -1.358                                 LAWHFS 
  4034.471   25.0055     0.000    -2.047                                 LAWHFS 
  4034.472   25.0055     0.000    -3.002                                 LAWHFS 
  4034.483   25.0055     0.000    -1.570                                 LAWHFS 
  4034.485   25.0055     0.000    -1.901                                 LAWHFS 
  4034.486   25.0055     0.000    -2.621                                 LAWHFS 
  4034.494   25.0055     0.000    -1.843                                 LAWHFS 
  4034.495   25.0055     0.000    -1.922                                 LAWHFS 
  4034.496   25.0055     0.000    -2.445                                 LAWHFS 
  4034.501   25.0055     0.000    -2.253                                 LAWHFS 
  4034.502   25.0055     0.000    -2.077                                 LAWHFS 
  4034.503   25.0055     0.000    -2.399                                 LAWHFS 
  4034.717   25.0055     3.133    -3.312                                 KURHFS 
  4034.717   25.0055     3.133    -3.567                                 KURHFS 
  4034.722   25.0055     3.133    -3.248                                 KURHFS 
  4034.722   25.0055     3.133    -3.369                                 KURHFS 
  4034.722   25.0055     3.133    -3.567                                 KURHFS 
  4034.729   25.0055     3.133    -3.073                                 KURHFS 
  4034.729   25.0055     3.133    -3.304                                 KURHFS 
  4034.729   25.0055     3.133    -3.369                                 KURHFS 
  4034.738   25.0055     3.133    -2.881                                 KURHFS 
  4034.738   25.0055     3.133    -3.304                                 KURHFS 
  4034.738   25.0055     3.133    -3.335                                 KURHFS 
  4034.750   25.0055     3.133    -2.696                                 KURHFS 
  4034.750   25.0055     3.133    -3.335                                 KURHFS 
  4034.750   25.0055     3.133    -3.517                                 KURHFS 
  4034.765   25.0055     3.133    -2.525                                 KURHFS 
  4034.765   25.0055     3.133    -3.517                                 KURHFS 
  4034.970      25.0     4.341     -3.07                                        
  4035.117      25.0     4.191     -4.02                                        
  4035.185      25.0     4.791     -1.60                                        
  4035.213      25.0     4.191     -2.46                                        
  4035.473      25.0     4.191     -3.02                                        
  4035.690   25.0055     2.141    -1.721                                 LAWHFS 
  4035.690   25.0055     2.141    -1.751                                 LAWHFS 
  4035.690   25.0055     2.141    -2.500                                 LAWHFS 
  4035.695   25.0055     2.141    -1.466                                 LAWHFS 
  4035.695   25.0055     2.141    -1.545                                 LAWHFS 
  4035.696   25.0055     2.141    -2.420                                 LAWHFS 
  4035.703   25.0055     2.141    -1.244                                 LAWHFS 
  4035.703   25.0055     2.141    -1.478                                 LAWHFS 
  4035.704   25.0055     2.141    -2.546                                 LAWHFS 
  4035.713   25.0055     2.141    -1.060                                 LAWHFS 
  4035.714   25.0055     2.141    -1.504                                 LAWHFS 
  4035.714   25.0055     2.141    -2.898                                 LAWHFS 
  4035.726   25.0055     2.141    -0.902                                 LAWHFS 
  4035.727   25.0055     2.141    -1.680                                 LAWHFS 
  4035.742   25.0055     2.141    -0.762                                 LAWHFS 
  4035.837      25.0     4.265     -4.35                                        
  4035.918      25.0     4.265     -4.11                                        
  4036.034      25.1     7.376     -3.94                                        
  4036.208      25.0     4.657     -0.24                                        
  4036.340      25.0     4.675     -2.35                                        
  4036.493      25.0     3.376     -3.97                                        
  4036.573      25.0     3.769     -1.06                                        
  4036.994      25.0     4.602     -1.23                                        
  4037.251      25.0     4.751     -2.07                                        
  4037.273      25.0     4.662     -1.27                                        
  4037.568      25.0     3.769     -1.29                                        
  4038.723      25.0     3.761     -1.04                                        
  4038.969   25.0055     2.918    -5.061                                 KURHFS 
  4038.972   25.0055     2.918    -5.273                                 KURHFS 
  4038.972   25.0055     2.918    -5.750                                 KURHFS 
  4038.974   25.0055     2.918    -5.546                                 KURHFS 
  4038.974   25.0055     2.918    -5.604                                 KURHFS 
  4038.974   25.0055     2.918    -6.704                                 KURHFS 
  4038.975   25.0055     2.918    -5.625                                 KURHFS 
  4038.975   25.0055     2.918    -5.956                                 KURHFS 
  4038.975   25.0055     2.918    -6.324                                 KURHFS 
  4038.976   25.0055     2.918    -5.780                                 KURHFS 
  4038.976   25.0055     2.918    -6.148                                 KURHFS 
  4038.977   25.0055     2.918    -6.102                                 KURHFS 
  4039.300      25.0     4.675     -0.60                                        
  4039.537      25.0     4.604     -2.78                                        
  4039.681      25.1     5.394     -3.36                                        
  4040.415      25.0     4.341     -1.67                                        
  4041.321   25.0055     2.113    -1.531                                 LAWHFS 
  4041.323   25.0055     2.113    -0.887                                 LAWHFS 
  4041.327   25.0055     2.113    -1.334                                 LAWHFS 
  4041.329   25.0055     2.113    -0.833                                 LAWHFS 
  4041.331   25.0055     2.113    -1.531                                 LAWHFS 
  4041.332      25.0     5.083     -0.03                                        
  4041.336   25.0055     2.113    -1.278                                 LAWHFS 
  4041.338   25.0055     2.113    -0.727                                 LAWHFS 
  4041.340   25.0055     2.113    -1.334                                 LAWHFS 
  4041.347   25.0055     2.113    -1.319                                 LAWHFS 
  4041.350   25.0055     2.113    -0.603                                 LAWHFS 
  4041.352   25.0055     2.113    -1.278                                 LAWHFS 
  4041.360   25.0055     2.113    -1.509                                 LAWHFS 
  4041.364   25.0055     2.113    -0.475                                 LAWHFS 
  4041.366   25.0055     2.113    -1.319                                 LAWHFS 
  4041.380   25.0055     2.113    -0.350                                 LAWHFS 
  4041.384   25.0055     2.113    -1.509                                 LAWHFS 
  4041.600      25.0     4.191     -1.80                                        
  4042.018      25.0     3.380     -3.71                                        
  4042.262   25.0055     3.132    -9.144                                 KURHFS 
  4042.266   25.0055     3.132    -8.882                                 KURHFS 
  4042.266   25.0055     3.132    -9.144                                 KURHFS 
  4042.266   25.0055     3.132    -9.910                                 KURHFS 
  4042.272   25.0055     3.132    -8.780                                 KURHFS 
  4042.272   25.0055     3.132    -8.882                                 KURHFS 
  4042.272   25.0055     3.132    -9.211                                 KURHFS 
  4042.282   25.0055     3.132    -8.764                                 KURHFS 
  4042.282   25.0055     3.132    -8.780                                 KURHFS 
  4042.282   25.0055     3.132    -8.785                                 KURHFS 
  4042.295   25.0055     3.132    -8.433                                 KURHFS 
  4042.295   25.0055     3.132    -8.785                                 KURHFS 
  4042.295   25.0055     3.132    -8.948                                 KURHFS 
  4042.311   25.0055     3.132    -8.170                                 KURHFS 
  4042.311   25.0055     3.132    -8.948                                 KURHFS 
  4042.356      25.0     4.723     -4.07                                        
  4042.381      25.0     4.270     -2.08                                        
  4043.208      25.0     4.791     -2.97                                        
  4043.360   25.0055     3.133    -8.312                                 KURHFS 
  4043.360   25.0055     3.133    -8.342                                 KURHFS 
  4043.360   25.0055     3.133    -9.090                                 KURHFS 
  4043.364   25.0055     3.133    -8.057                                 KURHFS 
  4043.364   25.0055     3.133    -8.136                                 KURHFS 
  4043.364   25.0055     3.133    -9.011                                 KURHFS 
  4043.371   25.0055     3.133    -7.835                                 KURHFS 
  4043.371   25.0055     3.133    -8.069                                 KURHFS 
  4043.371   25.0055     3.133    -9.136                                 KURHFS 
  4043.381   25.0055     3.133    -7.651                                 KURHFS 
  4043.381   25.0055     3.133    -8.095                                 KURHFS 
  4043.381   25.0055     3.133    -9.488                                 KURHFS 
  4043.393   25.0055     3.133    -7.493                                 KURHFS 
  4043.393   25.0055     3.133    -8.271                                 KURHFS 
  4043.407   25.0055     3.133    -7.353                                 KURHFS 
  4043.669      25.0     4.317     -2.14                                        
  4043.882   25.0055     2.918    -8.045                                 KURHFS 
  4043.882   25.0055     2.918    -8.823                                 KURHFS 
  4043.885   25.0055     2.918    -8.308                                 KURHFS 
  4043.885   25.0055     2.918    -8.660                                 KURHFS 
  4043.885   25.0055     2.918    -8.823                                 KURHFS 
  4043.887   25.0055     2.918    -8.639                                 KURHFS 
  4043.887   25.0055     2.918    -8.655                                 KURHFS 
  4043.887   25.0055     2.918    -8.660                                 KURHFS 
  4043.888   25.0055     2.918    -8.655                                 KURHFS 
  4043.888   25.0055     2.918    -8.757                                 KURHFS 
  4043.888   25.0055     2.918    -9.086                                 KURHFS 
  4043.889   25.0055     2.918    -8.757                                 KURHFS 
  4043.889   25.0055     2.918    -9.019                                 KURHFS 
  4043.889   25.0055     2.918    -9.019                                 KURHFS 
  4043.889   25.0055     2.918    -9.785                                 KURHFS 
  4043.933      25.1     5.414     -3.94                                        
  4044.772      25.0     5.108     -2.10                                        
  4044.949      25.0     4.682     -3.08                                        
  4045.114      25.0     4.329      0.25                                        
  4045.193      25.0     4.229      0.04                                        
  4046.632      25.0     4.791     -3.35                                        
  4046.701      25.0     4.229     -1.93                                        
  4046.704      25.0     4.255     -2.69                                        
  4046.994      25.0     4.350     -2.55                                        
  4047.115      25.0     4.791     -0.94                                        
  4047.515      25.0     5.334     -1.89                                        
  4047.921      25.0     4.682     -2.32                                        
  4048.526      25.0     4.265     -2.99                                        
  4048.718   25.0055     2.162    -1.803                                 LAWHFS 
  4048.720   25.0055     2.162    -1.481                                 LAWHFS 
  4048.722   25.0055     2.162    -1.849                                 LAWHFS 
  4048.725   25.0055     2.162    -1.657                                 LAWHFS 
  4048.727   25.0055     2.162    -1.326                                 LAWHFS 
  4048.729   25.0055     2.162    -2.025                                 LAWHFS 
  4048.734   25.0055     2.162    -1.247                                 LAWHFS 
  4048.736   25.0055     2.162    -1.305                                 LAWHFS 
  4048.740   25.0055     2.162    -2.406                                 LAWHFS 
  4048.746   25.0055     2.162    -0.974                                 LAWHFS 
  4048.749   25.0055     2.162    -1.451                                 LAWHFS 
  4048.761   25.0055     2.162    -0.762                                 LAWHFS 
  4048.935   25.0055     3.841    -4.626                                 KURHFS 
  4048.952   25.0055     3.841    -4.838                                 KURHFS 
  4048.952   25.0055     3.841    -5.315                                 KURHFS 
  4048.965   25.0055     3.841    -5.111                                 KURHFS 
  4048.965   25.0055     3.841    -5.169                                 KURHFS 
  4048.965   25.0055     3.841    -6.269                                 KURHFS 
  4048.975   25.0055     3.841    -5.190                                 KURHFS 
  4048.975   25.0055     3.841    -5.521                                 KURHFS 
  4048.975   25.0055     3.841    -5.889                                 KURHFS 
  4048.982   25.0055     3.841    -5.345                                 KURHFS 
  4048.982   25.0055     3.841    -5.713                                 KURHFS 
  4048.985   25.0055     3.841    -5.667                                 KURHFS 
  4048.985      25.0     4.341      0.14                                        
  4049.116   25.0055     3.841    -4.004                                 KURHFS 
  4049.116   25.0055     3.841    -4.782                                 KURHFS 
  4049.132   25.0055     3.841    -4.267                                 KURHFS 
  4049.132   25.0055     3.841    -4.619                                 KURHFS 
  4049.132   25.0055     3.841    -4.782                                 KURHFS 
  4049.145   25.0055     3.841    -4.598                                 KURHFS 
  4049.145   25.0055     3.841    -4.614                                 KURHFS 
  4049.145   25.0055     3.841    -4.619                                 KURHFS 
  4049.156   25.0055     3.841    -4.614                                 KURHFS 
  4049.156   25.0055     3.841    -4.716                                 KURHFS 
  4049.156   25.0055     3.841    -5.045                                 KURHFS 
  4049.162   25.0055     3.841    -4.716                                 KURHFS 
  4049.162   25.0055     3.841    -4.978                                 KURHFS 
  4049.162   25.0055     3.841    -5.744                                 KURHFS 
  4049.166   25.0055     3.841    -4.978                                 KURHFS 
  4049.422      25.0     3.769     -1.45                                        
  4049.559   25.0055     3.841    -3.535                                 KURHFS 
  4049.559   25.0055     3.841    -4.453                                 KURHFS 
  4049.559   25.0055     3.841    -5.670                                 KURHFS 
  4049.575   25.0055     3.841    -3.675                                 KURHFS 
  4049.575   25.0055     3.841    -4.277                                 KURHFS 
  4049.575   25.0055     3.841    -5.318                                 KURHFS 
  4049.588   25.0055     3.841    -3.833                                 KURHFS 
  4049.588   25.0055     3.841    -4.251                                 KURHFS 
  4049.588   25.0055     3.841    -5.193                                 KURHFS 
  4049.598   25.0055     3.841    -4.017                                 KURHFS 
  4049.598   25.0055     3.841    -4.318                                 KURHFS 
  4049.598   25.0055     3.841    -5.272                                 KURHFS 
  4049.605   25.0055     3.841    -4.239                                 KURHFS 
  4049.605   25.0055     3.841    -4.494                                 KURHFS 
  4049.609   25.0055     3.841    -4.524                                 KURHFS 
  4049.788      25.1     4.932     -3.90                                        
  4050.288      25.0     4.317     -0.88                                        
  4050.375      25.0     4.317     -1.30                                        
  4050.613      25.1     5.344     -5.28                                        
  4050.736      25.0     5.345     -2.52                                        
  4050.946      25.0     5.108     -2.60                                        
  4050.997      25.0     4.791     -3.02                                        
  4051.243   25.0055     2.918    -3.393                                 KURHFS 
  4051.243   25.0055     2.918    -4.311                                 KURHFS 
  4051.243   25.0055     2.918    -5.528                                 KURHFS 
  4051.246   25.0055     2.918    -3.533                                 KURHFS 
  4051.246   25.0055     2.918    -4.135                                 KURHFS 
  4051.246   25.0055     2.918    -5.176                                 KURHFS 
  4051.248   25.0055     2.918    -3.691                                 KURHFS 
  4051.248   25.0055     2.918    -4.109                                 KURHFS 
  4051.248   25.0055     2.918    -5.051                                 KURHFS 
  4051.249   25.0055     2.918    -3.875                                 KURHFS 
  4051.249   25.0055     2.918    -4.176                                 KURHFS 
  4051.249   25.0055     2.918    -5.130                                 KURHFS 
  4051.250   25.0055     2.918    -4.097                                 KURHFS 
  4051.250   25.0055     2.918    -4.352                                 KURHFS 
  4051.251   25.0055     2.918    -4.382                                 KURHFS 
