Mn 4766.418 +/-10 A
  4756.431      23.0     2.583    -3.259
  4756.456      77.0     4.200    -0.150
  4756.510      28.0     3.480    -0.270
  4756.512      73.0     0.491    -1.610
  4756.521      26.0     4.076    -3.522
  4756.582      58.1     0.956    -2.530
  4756.601 106.00113     1.172    -4.548               3.456
  4756.662 106.00112     0.729    -4.993               3.456
  4756.721      27.0     3.930    -0.60
  4756.750      25.1     6.489     -3.99                                        
  4756.757     107.0     3.294    -4.443               3.450
  4756.806      92.0     0.077    -1.014
  4756.838 106.00112     1.171    -2.722               3.456
  4756.852 106.00113     1.172    -2.722               3.456
  4756.869      70.1     7.166    -2.800
  4756.884      26.1     5.569    -4.386
  4756.920 106.00112     3.059    -4.693               3.456
  4756.936      25.1     6.489     -5.25                                        
  4756.964      26.0     4.260    -3.685
  4756.967 106.00112     0.729    -4.993               3.456
  4756.979      22.1     5.885    -2.060
  4757.003      23.0     3.066    -2.368
  4757.004      24.0     3.551    -1.962
  4757.025      69.1     4.003    -3.860
  4757.028 106.00112     1.171    -2.696               3.456
  4757.028 106.00113     1.172    -2.696               3.456
  4757.040 106.00113     1.528    -4.678               3.456
  4757.058 106.00112     1.171    -4.548               3.456
  4757.065 106.00112     3.551    -2.332               3.456
  4757.069      23.0     2.359    -3.027
  4757.121      70.1     4.964    -2.810
  4757.151      42.0     3.395    -1.417
  4757.208     107.0     3.260    -4.592               3.450
  4757.237     607.0     0.049    -4.549               7.650
  4757.247     607.0     1.036    -3.171               7.650
  4757.255 106.00113     3.551    -4.095               3.456
  4757.257      28.1     8.973    -3.548
  4757.261      26.1     8.073    -4.730
  4757.302 106.00113     1.528    -2.748               3.456
  4757.305      26.0     4.40     -2.50
  4757.334      21.1     8.015    -1.878
  4757.348      23.0     2.097    -0.907
  4757.348      27.0     4.149    -3.010
  4757.356      24.0     4.239    -0.550
  4757.374      19.0     1.617    -3.580
  4757.387      19.0     1.617    -2.620
  4757.427      58.1     1.500    -1.270
  4757.442     607.0     0.961    -4.341               7.650
  4757.474      23.0     2.029    -0.290
  4757.490     607.0     0.961    -2.963               7.650
  4757.510      60.1     0.205    -2.120
  4757.529      69.1     4.174    -2.900
  4757.542      74.0     0.366    -2.430
  4757.578      26.0     3.274    -1.90
  4757.580      26.0     4.260    -4.874
  4757.580     107.0     3.219    -4.827               3.450
  4757.590      24.0     3.551    -0.920
  4757.594 106.00112     3.551    -2.341               3.456
  4757.610      72.0     1.114    -1.830
  4757.619 106.00113     1.528    -2.734               3.456
  4757.651      26.1     6.807    -4.568
  4757.654     607.0     0.956    -3.529               7.650
  4757.674     607.0     1.120    -3.616               7.650
  4757.679      58.1     1.355    -3.250
  4757.748     607.0     1.265    -3.880               7.650
  4757.760     107.0     2.804    -3.951               3.450
  4757.764      44.0     1.125    -2.670
  4757.771      74.0     1.868    -1.710
  4757.779      26.0     3.267    -4.231
  4757.789      64.1     0.662    -1.920
  4757.803 106.00113     3.056    -2.527               3.456
  4757.836     107.0     2.804    -3.951               3.450
  4757.839     107.0     3.245    -4.678               3.450
  4757.841      58.1     0.956    -0.710
  4757.848 106.00112     1.172    -2.722               3.456
  4757.848      44.0     0.928    -0.960
  4757.866     607.0     0.108    -4.612               7.650
  4757.909      59.1     0.204    -1.220
  4757.918      25.1     6.490     -3.32                                        
  4757.954 106.00112     1.172    -2.696               3.456
  4757.966      77.0     2.068    -2.370
  4757.981 106.00113     1.723    -2.297               3.456
  4757.984 106.00112     1.172    -4.548               3.456
  4758.010      26.0     4.549    -4.361
  4758.036      73.0     1.358    -1.700
  4758.058     107.0     3.274    -4.491               3.450
  4758.083      26.1     6.807    -4.677
  4758.118    22.0       2.249     0.425
  4758.133      21.0     2.320    -1.057
  4758.154     607.0     0.072    -4.482               7.650
  4758.172      27.1     8.928    -3.271
  4758.183      23.1     8.583    -3.648
  4758.197      74.0     2.967    -0.730
  4758.215 106.00113     1.723    -2.314               3.456
  4758.230     607.0     0.043    -4.969               7.650
  4758.237 106.00113     1.528    -4.678               3.456
  4758.262      27.0     4.149    -3.559
  4758.262 106.00112     1.528    -2.748               3.456
  4758.267      64.0     0.066    -1.580
  4758.297      69.1     4.708    -2.460
  4758.299      25.1     6.135     -3.32                                        
  4758.313     107.0     3.278    -4.511               3.450
  4758.342 106.00112     3.639    -4.930               3.456
  4758.353 106.00113     3.056    -2.516               3.456
  4758.353      28.0     3.465    -4.314
  4758.389     607.0     1.155    -3.408               7.650
  4758.412 106.00113     2.900    -1.482               3.456
  4758.415      28.0     3.847    -2.110
  4758.418      24.0     4.535    -3.445
  4758.428 106.00113     3.639    -1.735               3.456
  4758.437 106.00112     1.528    -4.678               3.456
  4758.470      65.1     1.104    -0.800
  4758.493 106.00112     1.723    -2.297               3.456
  4758.501      42.0     3.692    -0.037
  4758.504      60.0     0.000    -1.091
  4758.505 106.00113     3.639    -1.745               3.456
  4758.507 106.00112     1.528    -2.734               3.456
  4758.508     607.0     0.129    -4.603               7.650
  4758.530      58.1     1.706    -2.590
  4758.595 106.00112     3.639    -1.735               3.456
  4758.604 106.00113     1.528    -2.748               3.456
  4758.606      28.0     3.679    -3.452
  4758.647 106.00113     2.900    -1.495               3.456
  4758.666      23.0     1.931    -0.968
  4758.668     107.0     2.825    -3.906               3.450
  4758.678     607.0     0.975    -2.963               7.650
  4758.699 106.00113     2.946    -2.567               3.456
  4758.704      64.0     0.881     0.045
  4758.720 106.00112     3.639    -1.745               3.456
  4758.728     607.0     0.975    -4.355               7.650
  4758.725      26.0     4.50     -2.00
  4758.758      23.0     1.218    -2.221
  4758.772     107.0     3.299    -4.443               3.450
  4758.781     107.0     2.825    -3.906               3.450
  4758.782     607.0     0.910    -4.057               7.650
  4758.792      69.1     3.955    -2.950
  4758.810 106.00112     1.723    -2.314               3.456
  4758.813     107.0     3.190    -4.572               3.450
  4758.817 106.00113     1.528    -2.734               3.456
  4758.824     607.0     0.910    -3.364               7.650
  4758.835      75.0     1.436    -2.180
  4758.847     607.0     1.052    -3.176               7.650
  4758.850      69.1     3.884    -1.640
  4758.900    22.0       0.836    -2.170
  4758.904     607.0     1.052    -4.144               7.650
  4758.951      21.0     2.001    -2.955
  4758.967      23.0     2.247    -4.098
  4758.974 106.00112     3.639    -4.930               3.456
  4758.974      25.0     4.636     -4.20                                        
  4758.975      14.0     4.954    -3.00
  4758.996 106.00113     2.946    -2.554               3.456
  4759.000     607.0     1.210    -4.368               7.650
  4759.028      23.0     2.122    -2.096
  4759.055      22.0     3.179    -3.231
  4759.083      60.0     0.456    -0.400
  4759.136     607.0     0.056    -4.515               7.650
  4759.142      22.0     2.778    -2.543
  4759.186 106.00113     1.444    -2.417               3.456
  4759.196      25.1     6.489     -3.19                                        
  4759.200      58.1     1.355    -3.300
  4759.259     107.0     3.260    -4.574               3.450
  4759.269    22.0       2.256     0.514
  4759.298      21.0     2.338    -3.714
  4759.311     607.0     0.878    -4.943               7.650
  4759.323     107.0     3.231    -4.683               3.450
  4759.341      60.0     0.000    -1.121
  4759.427 106.00112     3.467    -2.055               3.456
  4759.427 106.00113     1.444    -2.433               3.456
  4759.460     107.0     3.190    -4.547               3.450
  4759.470      24.0     4.532    -1.684
  4759.504     607.0     0.922    -3.353               7.650
  4759.565 106.00112     1.528    -2.748               3.456
  4759.627     107.0     3.256    -4.491               3.450
  4759.635 106.00112     1.528    -4.678               3.456
  4759.637 106.00113     1.647    -2.331               3.456
  4759.638      22.0     2.175    -1.80
  4759.648     607.0     1.265    -3.872               7.650
  4759.651      27.0     4.209    -3.546
  4759.653      68.1     0.000    -1.75
  4759.654      42.0     3.734    -1.109
  4759.674 106.00113     1.647    -2.314               3.456
  4759.705 106.00112     1.528    -2.734               3.456
  4759.714 106.00112     1.444    -2.417               3.456
  4759.741      58.1     2.008    -1.540
  4759.753      24.0     3.011    -2.119
  4759.785     107.0     3.054    -4.973               3.450
  4759.789 106.00112     2.946    -2.567               3.456
  4759.804      24.0     3.845    -4.184
  4759.850 106.00113     1.255    -2.834               3.456
  4759.859 106.00113     1.255    -2.925               3.456
  4759.893 106.00113     0.872    -4.580               3.456
  4759.900      58.1     1.194    -2.480
  4759.908      69.0     1.893    -0.520
  4759.910      24.0     3.113    -1.80
  4759.927      58.1     1.092    -1.370
  4759.927 106.00112     3.467    -2.064               3.456
  4759.959 106.00113     0.639    -4.857               3.456
  4759.993      25.0     5.083     -1.94                                        
  4760.018     607.0     1.013    -3.966               7.650
  4760.021     607.0     0.118    -4.591               7.650
  4760.025      21.0     3.101    -2.986
  4760.048 106.00112     1.444    -2.433               3.456
  4760.048      66.1     0.538    -2.100
  4760.066 106.00112     2.946    -2.554               3.456
  4760.067      26.0     3.039    -3.60
  4760.070      24.1     6.605    -3.048
  4760.073 106.00113     0.872    -2.755               3.456
  4760.073      21.0     3.057    -3.942
  4760.079     107.0     3.279    -4.491               3.450
  4760.110      42.0     2.276    -1.706
  4760.154      22.0     2.297    -3.920
  4760.169      26.1     5.571    -2.80
  4760.182      42.0     2.646     0.314
  4760.205      28.0     3.699    -2.980
  4760.245     607.0     0.956    -4.622               7.650
  4760.270 106.00112     1.647    -2.314               3.456
  4760.275     607.0     1.159    -4.545               7.650
  4760.279 106.00113     0.639    -2.892               3.456
  4760.279      62.0     0.101     0.042
  4760.313 106.00112     1.647    -2.331               3.456
  4760.316     607.0     0.956    -3.522               7.650
  4760.347      27.0     4.209    -2.468
  4760.351 106.00113     0.872    -2.728               3.456
  4760.356      23.0     2.247    -4.318
  4760.365      23.1     6.837    -4.059
  4760.450      60.0     0.140    -0.680
  4760.476      58.1     1.027    -2.410
  4760.512 106.00113     0.639    -2.866               3.456
  4760.519      23.1     6.470    -4.208
  4760.542      69.1     4.531    -1.180
  4760.546 106.00113     2.900    -4.090               3.456
  4760.579      69.1     4.235    -1.810
  4760.585      27.1     7.884    -4.076
  4760.591     107.0     2.961    -3.561               3.450
  4760.606     607.0     1.211    -4.362               7.650
  4760.708     107.0     3.244    -4.576               3.450
  4760.709 106.00112     2.900    -1.482               3.456
  4760.721 106.00113     1.015    -4.855               3.456
  4760.725      21.0     2.614    -3.201
  4760.730      62.1     0.544    -2.010
  4760.748      28.0     3.699    -2.50
  4760.749      64.0     0.213    -0.845
  4760.752     607.0     0.080    -4.452               7.650
  4760.763      24.0     3.450    -3.165
  4760.775      27.0     2.874    -2.730
  4760.799      58.1     0.328    -2.660
  4760.859 106.00113     0.873    -4.580               3.456
  4760.864      23.0     2.122    -3.662
  4760.867     107.0     3.190    -4.501               3.450
  4760.882 106.00112     2.900    -1.495               3.456
  4760.889      25.0     5.334     -1.70                                        
  4760.913      24.0     4.533    -1.566
  4760.924     607.0     0.875    -4.393               7.650
  4760.925 106.00113     1.015    -4.855               3.456
  4760.927 106.00112     3.059    -2.516               3.456
  4760.975      39.0     0.066    -1.45
  4761.002 106.00112     2.900    -4.090               3.456
  4761.009      23.1     2.050    -3.557
  4761.011     107.0     2.961    -3.561               3.450
  4761.034     607.0     0.049    -4.927               7.650
  4761.063 106.00112     0.872    -2.755               3.456
  4761.083      42.0     3.156    -1.519
  4761.090 106.00112     3.059    -2.527               3.456
  4761.000      26.0     4.95     -2.10
  4761.095      26.0     4.50     -1.90
  4761.110      90.1     2.054    -0.686
  4761.127 106.00113     0.873    -2.755               3.456
  4761.138     607.0     0.140    -4.583               7.650
  4761.140      70.1     5.921    -1.050
  4761.142      26.1     9.757    -3.280
  4761.183 106.00112     0.639    -2.892               3.456
  4761.227      21.0     4.204    -3.764
  4761.227     607.0     0.064    -4.483               7.650
  4761.244      58.1     0.808    -2.630
  4761.244      24.0     3.122    -1.70
  4761.263      28.1     4.029    -3.50
  4761.265 106.00112     0.872    -2.728               3.456
  4761.281      42.0     3.247    -1.771
  4761.294 106.00112     0.872    -4.580               3.456
  4761.317 106.00113     0.873    -2.728               3.456
  4761.324 106.00112     0.639    -2.866               3.456
  4761.326 106.00113     0.640    -4.857               3.456
  4761.339      24.0     4.613    -1.30
  4761.383 106.00112     0.639    -4.857               3.456
  4761.401      23.1     6.713    -3.974
  4761.428      20.0     5.453    -2.854
  4761.428      24.1     5.670    -2.345
  4761.493   25.0055     2.951    -1.161                                 LAWHFS 
  4761.494 106.00113     3.467    -2.055               3.456
  4761.508   25.0055     2.951    -0.700                                 LAWHFS 
  4761.509   25.0055     2.951    -1.064                                 LAWHFS 
  4761.519   25.0055     2.951    -1.177                                 LAWHFS 
  4761.528   25.0055     2.951    -1.064                                 LAWHFS 
  4761.543   25.0055     2.951    -1.608                                 LAWHFS 
  4761.571      42.0     4.329    -0.878
  4761.581     607.0     1.380    -4.632               7.650
  4761.652     107.0     3.260    -4.491               3.450
  4761.730      24.0     3.375    -1.80
  4761.733      58.1     2.415    -1.530
  4761.750      21.1     8.023    -1.356
  4761.757 106.00113     0.640    -2.892               3.456
  4761.818 106.00113     3.467    -2.064               3.456
  4761.823 106.00113     2.663    -2.978               3.456
  4761.829     607.0     1.052    -3.158               7.650
  4761.863      26.0     4.435    -3.883
  4761.880 106.00113     0.640    -2.866               3.456
  4761.898      27.0     2.877    -4.376
  4761.947     607.0     0.975    -4.349               7.650
  4761.966      69.1     4.030    -1.770
  4761.973      25.0     4.270     -2.65                                        
  4761.975 106.00113     2.663    -2.962               3.456
  4761.997     607.0     0.975    -2.948               7.650
  4762.018 106.00113     3.639    -4.930               3.456
  4762.020 106.00112     1.015    -4.855               3.456
  4762.029      26.1     7.845    -3.838
  4762.036 106.00113     3.551    -2.332               3.456
  4762.102      27.0     3.952    -1.20
  4762.118 106.00112     0.873    -2.755               3.456
  4762.119      58.1     1.495    -2.790
  4762.171     607.0     1.013    -3.960               7.650
  4762.206     607.0     0.129    -4.572               7.650
  4762.224 106.00112     1.015    -4.855               3.456
  4762.229      58.1     2.416    -2.590
  4762.231 106.00112     0.873    -2.728               3.456
  4762.260      26.0     2.728    -4.791
  4762.261 106.00112     0.873    -4.580               3.456
  4762.263 106.00113     3.551    -2.341               3.456
  4762.290      22.0     3.351    -3.760
  4762.298      58.1     1.404    -1.140
  4762.308       6.0     7.480    -2.463
  4762.325      24.0     4.096    -3.618
  4762.345   25.0055     2.886    -0.298                                 LAWHFS 
  4762.351      65.1     0.126    -1.830
  4762.352   25.0055     2.886    -1.394                                 LAWHFS 
  4762.358   25.0055     2.886    -2.810                                 LAWHFS 
  4762.359   25.0055     2.886    -0.402                                 LAWHFS 
  4762.366   25.0055     2.886    -1.206                                 LAWHFS 
  4762.371   25.0055     2.886    -2.473                                 LAWHFS 
  4762.372   25.0055     2.886    -0.515                                 LAWHFS 
  4762.376   25.0055     2.886    -1.168                                 LAWHFS 
  4762.381   25.0055     2.886    -0.637                                 LAWHFS 
  4762.381   25.0055     2.886    -2.378                                 LAWHFS 
  4762.386   25.0055     2.886    -1.223                                 LAWHFS 
  4762.389   25.0055     2.886    -0.767                                 LAWHFS 
  4762.389   25.0055     2.886    -2.508                                 LAWHFS 
  4762.392   25.0055     2.886    -1.411                                 LAWHFS 
  4762.395   25.0055     2.886    -0.900                                 LAWHFS 
  4762.403      42.0     3.359    -1.769
  4762.501      69.1     4.311    -1.250
  4762.528       6.0     7.483    -2.05
  4762.546      58.1     3.484    -2.470
  4762.564      26.0     4.652    -4.827
  4762.596     107.0     3.149    -3.417               3.450
  4762.615      26.0     4.473    -3.597
  4762.627      28.0     1.935    -2.420
  4762.642      68.1     2.064    -0.644
  4762.662 106.00112     0.640    -2.892               3.456
  4762.667 106.00113     3.555    -1.144               3.456
  4762.671      23.0     2.575    -2.643
  4762.692 106.00112     0.640    -2.866               3.456
  4762.705      23.0     3.056    -3.559
  4762.710 106.00113     3.555    -1.154               3.456
  4762.724      59.1     0.422    -0.976
  4762.744      23.0     0.275    -4.577
  4762.746      21.0     2.320    -1.722
  4762.751 106.00112     0.640    -4.857               3.456
  4762.753      40.0     1.834    -0.040
  4762.769      69.1     4.571    -3.180
  4762.775      58.1     1.092    -3.790
  4762.776      22.1     1.084    -2.90
  4762.789      25.1     5.393     -2.53                                        
  4762.840      58.1     0.792    -1.760
  4762.952      39.0     2.003    -1.240
  4762.994 106.00112     1.255    -2.925               3.456
  4762.994 106.00112     1.255    -2.834               3.456
  4763.082      21.0     1.996    -1.662
  4763.118 106.00113     1.490    -4.622               3.456
  4763.125      76.0     4.787     0.130
  4763.171      24.1     9.955    -4.938
  4763.218 106.00113     1.365    -2.450               3.456
  4763.227 106.00113     2.949    -2.554               3.456
  4763.248 106.00113     1.365    -2.433               3.456
  4763.264      21.0     4.527    -1.996
  4763.276     607.0     1.380    -4.625               7.650
  4763.298      58.1     1.495    -1.790
  4763.300      60.1     0.976    -1.460
  4763.313      26.0     4.178    -3.00
  4763.327 106.00113     1.490    -2.763               3.456
  4763.336      92.1     0.889    -1.937
  4763.348 106.00113     3.059    -2.527               3.456
  4763.363     607.0     0.922    -4.065               7.650
  4763.370 106.00113     2.949    -2.567               3.456
  4763.391     107.0     3.149    -3.417               3.450
  4763.393      26.0     4.593    -3.983
  4763.402 106.00113     3.059    -2.516               3.456
  4763.406     607.0     0.922    -3.345               7.650
  4763.431     607.0     0.990    -2.948               7.650
  4763.475     107.0     3.215    -4.969               3.450
  4763.477     607.0     0.089    -4.424               7.650
  4763.478     607.0     0.072    -4.453               7.650
  4763.482     607.0     0.990    -4.363               7.650
  4763.495     607.0     1.180    -3.410               7.650
  4763.504      24.0     3.375    -3.172
  4763.515      26.1     7.920    -3.468
  4763.582     607.0     1.180    -4.694               7.650
  4763.584 106.00113     1.649    -2.314               3.456
  4763.617      60.1     0.380    -1.15
  4763.645 106.00113     1.138    -4.502               3.456
  4763.657      26.0     4.446    -4.555
  4763.663 106.00113     1.490    -2.744               3.456
  4763.683     607.0     1.069    -3.163               7.650
  4763.707      20.0     5.045    -2.774
  4763.735      58.1     0.910    -1.00
  4763.742     607.0     1.069    -4.152               7.650
  4763.749 106.00113     1.138    -2.747               3.456
  4763.799 106.00113     1.649    -2.331               3.456
  4763.811      23.0     2.968    -3.797
  4763.832      64.0     1.349     0.115
  4763.840     607.0     0.152    -4.563               7.650
  4763.856      27.0     3.952    -1.932
  4763.860      60.1     0.182    -1.080
  4763.870 106.00112     1.365    -2.433               3.456
  4763.883    22.1       1.221    -2.359
  4763.912      58.1     1.026    -0.920
  4763.926 106.00112     1.365    -2.450               3.456
  4763.942      28.0     3.655    -0.842
  4763.951      26.1     8.307    -4.898
  4763.960     607.0     0.056    -4.887               7.650
  4763.965     107.0     3.215    -4.950               3.450
  4764.020      27.0     4.113    -2.700
  4764.049 106.00113     1.138    -2.717               3.456
  4764.084      58.1     0.960    -1.780
  4764.108      42.0     3.617    -0.289
  4764.158 106.00113     1.491    -4.622               3.456
  4764.174      24.0     3.847    -3.777
  4764.174 106.00112     2.663    -2.978               3.456
  4764.181 106.00112     1.649    -2.314               3.456
  4764.232      26.0     4.154    -3.786
  4764.256      58.1     3.728    -2.020
  4764.293      24.0     3.551    -0.280
  4764.299 106.00112     2.949    -2.554               3.456
  4764.340     607.0     0.934    -3.335               7.650
  4764.360 106.00112     1.490    -2.763               3.456
  4764.389      58.1     3.550    -2.550
  4764.392 106.00112     2.663    -2.962               3.456
  4764.415      44.0     3.410    -0.220
  4764.415      42.0     2.291    -1.333
  4764.421 106.00113     1.138    -4.502               3.456
  4764.437 106.00112     3.555    -4.190               3.456
  4764.462 106.00112     2.949    -2.567               3.456
  4764.462 106.00113     1.491    -2.763               3.456
  4764.464      58.1     1.709    -0.920
  4764.476 106.00112     1.649    -2.331               3.456
  4764.480      27.0     4.149    -4.202
  4764.524      22.1     1.237    -2.70
  4764.544      23.0     2.264    -3.649
  4764.551 106.00112     1.490    -4.622               3.456
  4764.578 106.00112     3.555    -1.144               3.456
  4764.594 106.00112     3.555    -1.154               3.456
  4764.603 106.00113     1.138    -2.747               3.456
  4764.626 106.00112     1.490    -2.744               3.456
  4764.643      24.0     3.013    -1.650
  4764.649     107.0     3.214    -4.922               3.450
  4764.703 106.00113     1.491    -2.744               3.456
  4764.720      58.0     0.274    -0.856
  4764.723     607.0     0.043    -4.960               7.650
  4764.728      25.1     5.394     -1.35                                        
  4764.760      26.0     4.85     -1.90
  4764.796      58.1     1.107    -1.710
  4764.816 106.00112     1.138    -2.747               3.456
  4764.826 106.00113     1.138    -2.717               3.456
  4764.838     607.0     0.976    -3.518               7.650
  4764.864    18.1      17.266    -0.060
  4764.875      69.1     3.958    -3.070
  4764.906     607.0     1.148    -3.616               7.650
  4764.907      25.1     6.806     -4.80                                        
  4764.945      70.1     5.341    -3.520
  4765.005 106.00113     2.514    -4.693               3.456
  4765.048 106.00112     1.138    -2.717               3.456
  4765.062 106.00112     1.138    -4.502               3.456
  4765.062      25.1     6.135     -3.66                                        
  4765.109      24.1     5.662    -2.359
  4765.118      58.1     3.283    -3.480
  4765.232      59.1     0.372    -1.164
  4765.276      58.1     1.206    -1.430
  4765.281      24.0     4.535    -3.139
  4765.335     607.0     1.178    -4.552               7.650
  4765.437      23.0     2.138    -3.270
  4765.457      26.0     4.076    -1.70
  4765.480      26.0     1.608    -4.140
  4765.496 106.00112     1.491    -2.763               3.456
  4765.518 106.00113     1.576    -2.349               3.456
  4765.564 106.00113     1.576    -2.331               3.456
  4765.591 106.00112     1.491    -4.622               3.456
  4765.637      23.0     2.359    -3.613
  4765.662      58.1     1.406    -2.590
  4765.666 106.00112     1.491    -2.744               3.456
  4765.671 106.00112     1.138    -2.747               3.456
  4765.671     607.0     1.180    -3.400               7.650
  4765.689      27.0     4.147    -1.405
  4765.725     107.0     3.162    -4.614               3.450
  4765.744     607.0     0.886    -4.400               7.650
  4765.811 106.00113     2.665    -2.962               3.456
  4765.825 106.00112     1.138    -2.717               3.456
  4765.834   25.0055     2.939    -0.601                                 LAWHFS 
  4765.838      69.1     4.387    -2.700
  4765.839 106.00112     1.138    -4.502               3.456
  4765.843   25.0055     2.939    -0.813                                 LAWHFS 
  4765.845   25.0055     2.939    -1.290                                 LAWHFS 
  4765.851   25.0055     2.939    -1.086                                 LAWHFS 
  4765.852   25.0055     2.939    -1.144                                 LAWHFS 
  4765.854   25.0055     2.939    -2.245                                 LAWHFS 
  4765.856     607.0     0.080    -4.425               7.650
  4765.856   25.0055     2.939    -1.496                                 LAWHFS 
  4765.857   25.0055     2.939    -1.165                                 LAWHFS 
  4765.858   25.0055     2.939    -1.864                                 LAWHFS 
  4765.861   25.0055     2.939    -1.320                                 LAWHFS 
  4765.862   25.0055     2.939    -1.688                                 LAWHFS 
  4765.863   25.0055     2.939    -1.642                                 LAWHFS 
  4765.889      23.0     1.950    -3.000
  4765.911      58.1     1.088    -3.360
  4765.921      23.1     8.157    -0.681
  4765.932 106.00113     3.555    -4.190               3.456
  4765.961      24.0     3.966    -3.124
  4765.966      26.0     4.473    -3.426
  4766.002      25.0     4.422     -1.73                                        
  4766.009 106.00113     2.666    -2.978               3.456
  4766.061      21.1     8.011    -1.828
  4766.090     607.0     0.140    -4.553               7.650
  4766.159      58.1     1.796    -1.380
  4766.241 106.00112     1.576    -2.331               3.456
  4766.273 106.00112     1.576    -2.349               3.456
  4766.275      23.0     2.359    -3.701
  4766.299      26.0     4.549    -4.682
  4766.316      23.0     3.080    -1.703
  4766.317      22.0     2.249    -0.842
  4766.323      24.0     3.847    -3.845
  4766.343 106.00112     3.555    -2.046               3.456
  4766.347     607.0     0.098    -4.398               7.650
  4766.350 106.00112     3.555    -2.055               3.456
  4766.358      26.0     4.607    -2.378
  4766.400   25.0055     2.918    -0.462                                 LAWHFS 
  4766.408   25.0055     2.918    -1.380                                 LAWHFS 
  4766.413   25.0055     2.918    -0.602                                 LAWHFS 
  4766.415     607.0     1.083    -4.699               7.650
  4766.415   25.0055     2.918    -2.598                                 LAWHFS 
  4766.419   25.0055     2.918    -1.204                                 LAWHFS 
  4766.424   25.0055     2.918    -0.760                                 LAWHFS 
  4766.425   25.0055     2.918    -2.246                                 LAWHFS 
  4766.429   25.0055     2.918    -1.178                                 LAWHFS 
  4766.432   25.0055     2.918    -0.944                                 LAWHFS 
  4766.433   25.0055     2.918    -2.120                                 LAWHFS 
  4766.436   25.0055     2.918    -1.245                                 LAWHFS 
  4766.438   25.0055     2.918    -1.166                                 LAWHFS 
  4766.438   25.0055     2.918    -2.200                                 LAWHFS 
  4766.440   25.0055     2.918    -1.421                                 LAWHFS 
  4766.442   25.0055     2.918    -1.451                                 LAWHFS 
  4766.468     107.0     3.162    -4.587               3.450
  4766.514      72.0     1.738    -1.010
  4766.525     607.0     0.164    -4.544               7.650
  4766.532      69.1     4.723    -1.910
  4766.561      23.0     2.359    -2.877
  4766.570      22.0     3.424    -3.940
  4766.601      90.0     0.479    -2.075
  4766.605     607.0     0.990    -4.358               7.650
  4766.620     607.0     1.069    -3.146               7.650
  4766.623      23.0     2.040    -0.120
  4766.627     607.0     0.897    -4.951               7.650
  4766.634      24.0     3.556    -0.70
  4766.645      24.0     4.416    -3.931
  4766.656     607.0     0.990    -2.933               7.650
  4766.664      25.0     5.195     -0.56                                        
  4766.670      69.1     3.102    -1.670
  4766.672       6.0     7.483    -2.617
  4766.672      26.0     3.415    -4.364
  4766.694      24.0     3.011    -3.330
  4766.751      26.0     4.835    -4.395
  4766.753      26.0     4.154    -2.148
  4766.768     607.0     1.149    -3.609               7.650
  4766.786      41.0     2.145    -0.490
  4766.787      26.0     4.593    -1.70
  4766.787      69.1     4.531    -3.390
  4766.845      23.0     3.066    -3.641
  4766.859      24.1     8.469    -2.239
  4766.866      26.0     3.417    -2.70
  4766.873      22.1     5.647    -1.770
  4766.880      57.0     0.000    -1.110
  4766.941 106.00112     2.514    -4.693               3.456
  4766.958      69.1     4.387    -2.440
  4766.960      69.0     2.624    -1.710
  4766.970      69.1     4.162    -2.610
  4766.981     607.0     1.295    -3.873               7.650
  4766.994      24.0     4.099    -3.369
  4767.021     607.0     0.064    -4.851               7.650
  4767.082      58.1     1.079    -2.590
  4767.141      27.0     4.058    -0.50
  4767.248      64.0     0.927     0.256
  4767.248     607.0     0.049    -4.917               7.650
  4767.253      26.0     4.103    -3.244
  4767.267      24.0     3.556    -1.020
  4767.268      58.1     3.508    -2.060
  4767.302      58.1     3.486    -1.100
  4767.359 106.00113     1.367    -2.433               3.456
  4767.416      29.0     5.725    -0.810
  4767.430      23.0     2.638    -2.810
  4767.473      24.0     3.449    -2.872
  4767.516      27.0     4.240    -3.224
  4767.536      26.0     4.608    -3.854
  4767.544      22.0     3.179    -2.385
  4767.550      23.0     2.578    -1.796
  4767.562      58.1     0.561    -2.990
  4767.582 106.00113     1.368    -2.450               3.456
  4767.598      27.0     4.058    -2.357
  4767.607      21.0     3.101    -3.354
  4767.660      60.1     0.559    -1.620
  4767.677      22.0     3.351    -4.052
  4767.713      70.1     7.003    -2.320
  4767.814      25.0     4.662     -1.25                                        
  4767.856      24.0     3.556    -0.530
  4767.895      69.1     4.684    -3.330
  4767.934      20.0     6.035    -3.459
  4767.934      70.1     7.273    -3.590
  4767.940      58.1     1.339    -3.930
  4767.982 106.00112     1.367    -2.433               3.456
  4767.987      20.0     6.035    -3.151
  4767.996     107.0     3.162    -4.537               3.450
  4768.023      27.1     8.736    -4.206
  4768.028      70.1     7.080    -1.560
  4768.089      27.0     3.191    -0.90
  4768.098     607.0     0.934    -4.073               7.650
  4768.143     607.0     0.934    -3.326               7.650
  4768.194      58.1     2.129    -0.920
  4768.225      58.1     1.212    -1.510
  4768.232 106.00112     2.665    -2.962               3.456
  4768.262      74.1     3.126    -0.660
  4768.291 106.00112     1.368    -2.450               3.456
  4768.315      70.1     5.633    -1.890
  4768.320      26.0     3.686    -1.40
  4768.337     607.0     1.005    -2.933               7.650
  4768.362      27.1     9.105    -2.641
  4768.364 106.00112     2.666    -2.978               3.456
  4768.390     607.0     1.005    -4.371               7.650
  4768.396    26.0       2.938    -2.461
  4768.401     607.0     0.089    -4.398               7.650
  4768.407      25.1     5.393     -4.21                                        
  4768.423 106.00113     3.555    -2.055               3.456
  4768.442 106.00112     3.137    -2.516               3.456
  4768.444      22.0     1.734    -4.036
  4768.455     107.0     2.852    -3.863               3.450
  4768.478     607.0     0.152    -4.535               7.650
  4768.511      58.1     1.613    -1.730
  4768.512 106.00113     1.306    -4.899               3.456
  4768.550      26.1     7.708    -2.566
  4768.577      58.1     0.812    -3.020
  4768.578      24.0     4.106    -1.30
  4768.601 106.00113     3.555    -2.046               3.456
  4768.614     107.0     2.852    -3.863               3.450
  4768.632     607.0     1.086    -3.151               7.650
  4768.664      92.0     0.077    -1.650
  4768.692     607.0     1.086    -4.160               7.650
  4768.698      24.0     5.111    -3.175
  4768.699      26.0     4.076    -1.95
  4768.708 106.00113     1.306    -4.899               3.456
  4768.708      23.0     2.379    -3.245
  4768.742      20.0     6.035    -3.619
  4768.781      24.0     4.389    -3.563
  4768.791      58.1     0.869    -0.920
  4768.794 106.00112     3.137    -2.505               3.456
  4768.811      28.0     4.167    -1.70
  4768.866     607.0     1.295    -3.865               7.650
  4768.941      58.1     2.129    -2.000
  4768.978      73.0     1.517    -1.180
  4769.056      26.0     4.387    -3.029
  4769.066     107.0     2.828    -3.906               3.450
  4769.099      69.1     4.140    -1.280
  4769.104      26.0     3.301    -9.99
  4769.110      22.0     3.409    -3.098
  4769.164      69.1     4.364    -1.990
  4769.181     107.0     2.828    -3.906               3.450
  4769.199      24.0     4.613    -2.095
  4769.204     607.0     1.039    -3.958               7.650
  4769.221      69.1     4.324    -1.510
  4769.246      20.0     5.045    -3.004
  4769.256 106.00113     1.578    -2.331               3.456
  4769.266      92.1     0.000    -2.285
  4769.301      25.1     5.516     -6.89                                        
  4769.304      44.0     0.811    -1.900
  4769.317      27.0     4.058    -2.809
  4769.322 106.00113     1.456    -4.572               3.456
  4769.333 106.00113     0.837    -4.535               3.456
  4769.347     607.0     0.108    -4.373               7.650
  4769.352      58.1     1.088    -1.700
  4769.353      22.0     2.495    -3.049
  4769.365     607.0     0.948    -3.317               7.650
  4769.389      26.1     7.946    -3.802
  4769.418      28.1     6.989    -3.638
  4769.439      23.0     2.638    -3.434
  4769.449 106.00113     0.837    -2.780               3.456
  4769.452 106.00113     1.578    -2.349               3.456
  4769.455      24.0     3.551    -4.214
  4769.477 106.00113     1.455    -2.780               3.456
  4769.524      26.0     2.759    -4.890
  4769.531      22.0     2.506    -2.095
  4769.546      69.1     4.433    -2.680
  4769.680      58.1     1.274    -2.410
  4769.688 106.00113     0.709    -4.989               3.456
  4769.693 106.00113     2.517    -4.693               3.456
  4769.719     607.0     1.243    -4.362               7.650
  4769.765      22.0     2.256    -0.836
  4769.766 106.00113     0.837    -2.750               3.456
  4769.782      58.1     0.459    -1.980
  4769.802      24.0     4.144    -1.334
  4769.812      26.0     4.435    -2.10
  4769.827 106.00113     1.456    -2.758               3.456
  4769.827      26.1     7.869    -4.439
  4769.863      69.1     3.715    -1.380
  4769.866      27.0     4.209    -2.626
  4769.889 106.00112     1.306    -4.899               3.456
  4769.904 106.00113     0.709    -4.989               3.456
  4769.920     607.0     0.056    -4.878               7.650
  4769.934 106.00112     1.578    -2.331               3.456
  4769.988      24.0     4.133    -1.00
  4770.026       6.0     7.483    -2.439
  4770.030      24.0     4.618    -0.796
  4770.045      69.1     2.185    -3.010
  4770.055      26.0     4.733    -2.534
  4770.084 106.00112     1.306    -4.899               3.456
  4770.146 106.00113     0.838    -4.535               3.456
  4770.153      23.1     8.599    -3.499
  4770.187      60.0     0.293    -0.170
  4770.191      62.0     0.282    -0.603
  4770.207 106.00112     1.578    -2.349               3.456
  4770.209 106.00113     1.456    -4.572               3.456
  4770.215      58.1     0.737    -3.230
  4770.228     607.0     0.072    -4.817               7.650
  4770.252      69.1     4.660    -2.750
  4770.310 106.00113     3.560    -1.144               3.456
  4770.337      24.0     4.613    -2.108
  4770.341 106.00113     0.838    -2.780               3.456
  4770.351      25.1     5.394     -2.29                                        
  4770.393      20.0     5.049    -3.093
  4770.426      57.0     0.869    -0.920
  4770.451 106.00113     1.456    -2.780               3.456
  4770.517 106.00112     0.837    -2.780               3.456
  4770.535      20.0     5.987    -3.054
  4770.567     607.0     1.198    -4.559               7.650
  4770.576 106.00112     1.455    -2.780               3.456
  4770.578 106.00113     0.838    -2.750               3.456
  4770.609     107.0     3.003    -3.520               3.450
  4770.668      69.1     3.797    -2.770
  4770.673      24.0     3.013    -1.70
  4770.702     607.0     0.898    -4.406               7.650
  4770.715 106.00113     1.456    -2.758               3.456
  4770.725      69.1     4.141    -3.760
  4770.760 106.00112     0.837    -2.750               3.456
  4770.772      21.1     8.023    -3.843
  4770.774 106.00112     0.837    -4.535               3.456
  4770.785 106.00112     1.456    -4.572               3.456
  4770.840 106.00113     3.560    -1.154               3.456
  4770.863 106.00112     1.456    -2.758               3.456
  4770.911     607.0     0.177    -4.526               7.650
  4770.917      58.1     1.251    -1.850
  4770.924 106.00113     3.137    -2.516               3.456
  4770.964     607.0     1.204    -3.402               7.650
  4770.976      69.1     3.947    -3.450
  4770.984      24.0     3.850    -3.801
  4771.011 106.00112     0.709    -4.989               3.456
  4771.034 106.00113     0.597    -4.854               3.456
  4771.053     607.0     1.205    -4.700               7.650
  4771.055      26.0     4.638    -3.407
  4771.057      20.0     5.018    -4.138
  4771.079      27.0     3.133    -0.80
  4771.095     607.0     0.098    -4.373               7.650
  4771.096    22.0       0.826    -2.370
  4771.116     107.0     3.003    -3.520               3.450
  4771.212      70.1     6.354    -3.950
  4771.213     607.0     0.164    -4.518               7.650
  4771.223      23.0     2.253    -3.923
  4771.227 106.00112     0.709    -4.989               3.456
  4771.293 106.00113     0.597    -2.918               3.456
  4771.297     607.0     1.244    -4.356               7.650
  4771.337     607.0     1.039    -3.952               7.650
  4771.340      69.0     1.893    -2.610
  4771.409 106.00112     0.838    -2.780               3.456
  4771.436     607.0     1.005    -4.366               7.650
  4771.437 106.00113     1.507    -2.368               3.456
  4771.450      21.0     2.109    -2.614
  4771.470      26.0     5.05     -0.30
  4771.482 106.00113     1.507    -2.349               3.456
  4771.489     607.0     1.005    -2.919               7.650
  4771.502      22.0     3.458    -2.857
  4771.502      24.0     3.113    -3.023
  4771.505 106.00113     3.137    -2.505               3.456
  4771.535 106.00113     3.285    -1.288               3.456
  4771.537 106.00113     1.291    -2.468               3.456
  4771.544     607.0     1.086    -3.135               7.650
  4771.550 106.00113     0.597    -2.888               3.456
  4771.550 106.00112     1.456    -2.780               3.456
  4771.555 106.00113     1.107    -4.428               3.456
  4771.573 106.00112     0.838    -2.750               3.456
  4771.576 106.00113     1.291    -2.451               3.456
  4771.587 106.00112     0.838    -4.535               3.456
  4771.594 106.00113     1.107    -2.774               3.456
  4771.598      24.0     3.013    -1.967
  4771.621      58.1     1.930    -2.210
  4771.632 106.00112     2.517    -4.693               3.456
  4771.662      24.1     5.871    -3.837
  4771.669      58.1     1.366    -3.820
  4771.673 106.00112     1.456    -4.572               3.456
  4771.676      62.1     0.998    -1.990
  4771.685      25.0     3.761     -1.88                                        
  4771.696      26.0     2.198    -3.364
  4771.750     6.0       7.488    -1.866
  4771.750      24.0     3.850    -3.927
  4771.751 106.00112     1.456    -2.758               3.456
  4771.760      27.1     8.736    -3.381
  4771.777     107.0     3.206    -3.388               3.450
  4771.783      27.0     4.209    -3.549
  4771.841      22.0     3.186    -4.100
  4771.853 106.00113     3.285    -1.277               3.456
  4771.856      41.0     1.157    -1.770
  4771.863      24.0     4.778    -4.068
  4771.881      26.0     4.473    -4.719
  4771.884      26.0     4.371    -2.65
  4771.931      27.0     3.732    -4.253
  4771.935 106.00113     1.107    -2.740               3.456
  4771.942      66.0     2.184     0.514
  4771.988      70.1     5.828    -2.280
  4772.127 106.00112     1.507    -4.948               3.456
  4772.132     107.0     3.136    -4.660               3.450
  4772.181      21.0     3.057    -2.568
  4772.181      24.1     8.469    -2.557
  4772.195 106.00113     1.108    -4.428               3.456
  4772.211      70.1     6.847    -2.100
  4772.220 106.00113     0.597    -4.854               3.456
  4772.227 106.00112     3.560    -1.144               3.456
  4772.235      70.1     7.005    -2.270
  4772.238 106.00112     1.507    -2.349               3.456
  4772.258      60.0     0.140    -0.658
  4772.262      70.1     6.076    -2.380
  4772.266 106.00112     1.507    -2.368               3.456
  4772.286 106.00112     1.291    -2.451               3.456
  4772.288 106.00112     0.597    -2.918               3.456
  4772.302 106.00113     1.108    -2.774               3.456
  4772.323      40.0     0.623    -0.15 
  4772.332 106.00112     1.291    -2.468               3.456
  4772.364      24.0     5.094    -3.555
  4772.380 106.00113     1.507    -4.948               3.456
  4772.425      70.1     5.572    -2.700
  4772.451     607.0     1.415    -4.626               7.650
  4772.459 106.00112     0.597    -2.888               3.456
  4772.492     607.0     0.118    -4.349               7.650
  4772.507 106.00112     0.597    -4.854               3.456
  4772.573 106.00112     3.560    -4.190               3.456
  4772.576 106.00113     1.108    -2.740               3.456
  4772.580 106.00113     0.597    -2.918               3.456
  4772.589      27.0     4.072    -3.696
  4772.619      23.0     1.942    -4.319
  4772.667      27.0     4.072    -2.794
  4772.687      27.0     3.409    -3.745
  4772.690     107.0     3.206    -3.388               3.450
  4772.693      92.1     0.285    -1.880
  4772.728 106.00112     1.107    -2.774               3.456
  4772.730 106.00112     3.560    -1.154               3.456
  4772.737 106.00113     0.597    -2.888               3.456
  4772.747     607.0     0.064    -4.841               7.650
  4772.785      14.0     4.930    -3.208
  4772.803      26.0     1.557    -3.20
  4772.830    26.0       3.015    -2.192
  4772.863      28.0     3.706    -1.333
  4772.880      60.1     0.631    -1.050
  4772.987     107.0     3.136    -4.631               3.450
  4773.004 106.00112     1.107    -4.428               3.456
  4773.006 106.00112     1.107    -2.740               3.456
  4773.066      23.0     2.638    -3.827
  4773.070     607.0     0.948    -4.081               7.650
  4773.100      21.1     8.015    -2.411
  4773.115      70.1     7.273    -1.760
  4773.116     607.0     0.948    -3.308               7.650
  4773.134     607.0     1.205    -3.392               7.650
  4773.145      26.0     4.30     -2.10
  4773.157      44.0     1.419    -2.050
  4773.232      41.0     1.121    -1.430
  4773.276      58.1     0.587    -1.490
  4773.278      42.0     2.916    -1.422
  4773.309      58.1     1.206    -2.410
  4773.309      58.1     1.251    -1.630
  4773.314      69.1     4.355    -2.530
  4773.325      23.1     8.619    -4.448
  4773.338      58.1     4.322    -2.330
  4773.409      28.0     3.706    -1.530
  4773.411     607.0     1.020    -2.918               7.650
  4773.435      42.0     2.515    -1.127
  4773.437 106.00112     1.108    -2.774               3.456
  4773.466     607.0     1.020    -4.379               7.650
  4773.503      27.0     3.971    -1.265
  4773.513      58.1     1.500    -1.970
  4773.516      26.0     3.018    -3.804
  4773.528      21.0     5.028    -3.263
  4773.551     607.0     0.080    -4.785               7.650
  4773.576 106.00112     0.597    -2.918               3.456
  4773.587      26.0     4.260    -5.059
  4773.615      25.0     4.270     -4.39                                        
  4773.644 106.00112     1.108    -4.428               3.456
  4773.647 106.00112     0.597    -2.888               3.456
  4773.647 106.00112     1.108    -2.740               3.456
  4773.660      24.1     6.803    -4.374
  4773.676 106.00113     1.000    -4.773               3.456
  4773.694 106.00112     0.597    -4.854               3.456
  4773.699 106.00112     3.285    -1.288               3.456
  4773.715      26.0     4.50     -2.50
  4773.722      72.0     0.685    -1.820
  4773.780      24.0     4.613    -2.221
  4773.802     607.0     1.104    -3.139               7.650
  4773.811 106.00113     1.000    -4.773               3.456
  4773.824      23.0     2.130    -3.681
  4773.831      70.1     6.189    -1.610
  4773.835      26.0     4.584    -3.00
  4773.845      74.0     1.708    -1.730
  4773.858     607.0     0.190    -4.509               7.650
  4773.864     607.0     1.104    -4.168               7.650
  4773.866     107.0     3.172    -4.995               3.450
  4773.888 106.00112     3.285    -4.095               3.456
  4773.896      69.1     4.435    -2.110
  4773.916 106.00112     3.140    -2.505               3.456
  4773.938     607.0     0.108    -4.349               7.650
  4773.941      58.1     0.924    -0.290
  4773.968      26.0     4.186    -2.50
  4773.998 106.00112     3.560    -2.046               3.456
  4774.002      44.0     2.510    -0.860
  4774.023      58.1     0.000    -2.730
  4774.023      69.1     3.331    -3.110
  4774.068 106.00112     3.285    -1.277               3.456
  4774.073 106.00113     3.560    -4.190               3.456
  4774.084 106.00112     3.140    -2.516               3.456
  4774.095     607.0     1.415    -4.619               7.650
  4774.127     607.0     0.916    -4.958               7.650
  4774.132     607.0     0.177    -4.501               7.650
  4774.138      58.1     3.728    -2.310
  4774.139      62.1     0.185    -1.610
  4774.139      70.1     3.017    -3.850
  4774.176      23.1     2.268    -3.338
  4774.178      25.1     6.107     -4.46                                        
  4774.219      42.0     2.646    -1.308
  4774.227     607.0     1.177    -3.609               7.650
  4774.252      90.1     0.830    -1.899
  4774.271      21.0     2.111    -3.746
  4774.290      25.0     5.221     -0.66                                        
  4774.312      58.1     0.960    -2.970
  4774.358 106.00113     3.285    -4.095               3.456
  4774.405     107.0     3.172    -4.975               3.450
  4774.481      23.0     2.581    -1.352
  4774.492 106.00112     3.560    -2.055               3.456
  4774.510     607.0     0.961    -3.300               7.650
  4774.549      24.0     3.011    -2.00
  4774.611      27.1     8.110    -3.574
  4774.658     107.0     3.136    -4.575               3.450
  4774.695      24.1     6.641    -3.378
  4774.759      69.1     2.508    -2.790
  4774.809      58.1     2.470    -0.480
  4774.905      72.0     2.839    -0.470
  4774.955 106.00113     1.509    -2.349               3.456
  4775.033 106.00112     1.000    -4.773               3.456
  4775.040 106.00113     2.281    -2.250               3.456
  4775.053 106.00113     2.359    -2.236               3.456
  4775.074 106.00113     2.281    -2.236               3.456
  4775.076      58.0     0.172    -0.959
  4775.079      25.1     5.394     -3.75                                        
  4775.090      23.1     6.845    -1.973
  4775.095 106.00113     2.359    -2.222               3.456
  4775.097      58.0     0.411    -0.861
  4775.117      69.1     4.756    -3.450
  4775.130      24.0     3.551    -1.050
  4775.138 106.00113     1.509    -2.368               3.456
  4775.140      21.0     5.029    -3.646
  4775.147     107.0     3.171    -4.945               3.450
  4775.161      23.0     2.359    -2.662
  4775.166      15.0     6.936    -4.360
  4775.167 106.00112     1.000    -4.773               3.456
  4775.188      23.1     6.478    -2.179
  4775.250      58.1     0.740    -3.150
  4775.254 106.00112     2.359    -2.222               3.456
  4775.288      22.0     3.062    -2.969
  4775.298      58.1     3.058    -3.080
  4775.307 106.00112     2.359    -2.236               3.456
  4775.327 106.00112     2.281    -2.236               3.456
  4775.340     607.0     1.114    -4.697               7.650
  4775.382 106.00112     2.281    -2.250               3.456
  4775.457 106.00113     1.293    -2.451               3.456
  4775.463      58.1     0.621    -1.880
  4775.490      58.1     4.157    -3.290
  4775.512      24.0     4.616    -0.751
  4775.530      62.1     1.592    -1.240
  4775.542      20.0     6.039    -4.539
  4775.554      42.0     3.201    -1.793
  4775.554      24.0     4.159    -0.729
  4775.605 106.00113     2.204    -2.265               3.456
  4775.615 106.00113     1.423    -4.525               3.456
  4775.635      22.1     1.243    -4.40
  4775.637 106.00113     2.204    -2.250               3.456
  4775.660 106.00113     1.293    -2.468               3.456
  4775.663      42.0     2.623    -1.035
  4775.672      23.0     2.130    -2.540
  4775.707     607.0     0.072    -4.807               7.650
  4775.710 106.00113     1.423    -2.801               3.456
  4775.713 106.00112     1.509    -2.349               3.456
  4775.715      70.1     7.275    -2.510
  4775.722 106.00113     2.438    -2.222               3.456
  4775.759      58.1     3.513    -2.420
  4775.765      23.1     8.645    -4.094
  4775.767 106.00113     2.438    -2.209               3.456
  4775.771     607.0     0.129    -4.326               7.650
  4775.779      21.0     3.101    -3.905
  4775.786      24.1     5.873    -4.336
  4775.790      66.0     1.980     0.613
  4775.811      27.1     9.110    -2.896
  4775.821      58.1     1.274    -0.990
  4775.829 106.00112     1.509    -4.948               3.456
  4775.829 106.00112     2.438    -2.209               3.456
  4775.855     607.0     0.910    -4.413               7.650
  4775.868      26.0     4.209    -2.50
  4775.880      24.0     3.438    -4.087
  4775.882 106.00112     2.438    -2.222               3.456
  4775.884     607.0     1.218    -4.565               7.650
  4775.895       6.0     7.488    -2.304
  4775.934      22.0     2.250    -2.673
  4775.947      20.0     5.049    -4.346
  4775.968 106.00112     1.509    -2.368               3.456
  4775.978      24.0     3.435    -3.238
  4775.980 106.00112     2.204    -2.250               3.456
  4776.001      20.0     5.045    -2.459
  4776.023 106.00112     3.635    -2.332               3.456
  4776.031     607.0     1.177    -3.602               7.650
  4776.034 106.00112     2.204    -2.265               3.456
  4776.067      26.0     3.301    -2.70
  4776.075 106.00112     3.635    -2.323               3.456
  4776.082 106.00113     1.509    -4.948               3.456
  4776.091 106.00113     1.423    -2.775               3.456
  4776.128      29.0     5.421    -1.790
  4776.169 106.00112     1.293    -2.451               3.456
  4776.238      21.0     4.534    -2.416
  4776.262      70.1     6.303    -3.740
  4776.263 106.00113     3.560    -2.046               3.456
  4776.267      58.1     1.533    -1.290
  4776.313      27.0     3.298    -0.60
  4776.324      25.0     4.791     -2.10                                        
  4776.341      42.0     2.260    -0.825
  4776.347      23.0     2.055     0.020
  4776.358      27.0     4.259    -4.258
  4776.361 106.00113     1.424    -4.525               3.456
  4776.368      25.0     4.662     -1.78                                        
  4776.376      26.0     4.559    -1.431
  4776.394      58.1     1.412    -2.330
  4776.396     607.0     1.326    -3.867               7.650
  4776.410     607.0     1.020    -4.375               7.650
