Sr 4077 +/-10 A
  4067.720      60.1     0.204     -1.61                                 LAWLER 
  4068.445      58.1     0.902     -0.53                                BIEMONT 
  4068.708      40.0     1.349     -0.64                                        
  4068.836      58.1     0.703     -0.17                                 LAWLER 
  4068.890      60.1     0.000     -1.42                                 LAWLER 
  4069.260      60.1     0.064     -0.57                                 LAWLER 
  4070.092      58.1     2.587      0.76                                        
  4070.330      60.1     0.320     -1.82                                 LAWLER 
  4070.846      58.1     1.532     -0.18                                        
  4071.072      58.1     0.674     -1.00                                 LAWLER 
  4071.080      60.1     0.204     -2.19                                 LAWLER 
  4071.089      40.1     0.999     -1.66                                Ljung06 
  4071.481      60.1     1.519      0.00                                        
  4071.760      60.1     0.471     -1.09                                 LAWLER 
  4071.775      58.1     0.326     -0.20                                 LAWLER 
  4072.702      40.0     0.686      0.31                                        
  4072.918      58.1     0.327     -0.64                                 LAWLER 
  4073.474      58.1     0.477      0.21                                 LAWLER 
  4073.734      58.1     1.047     -0.18                                        
  4073.742      58.1     1.122      0.13                                BIEMONT 
  4074.407      60.1     0.630     -0.73                                        
  4074.644      58.1     0.175     -1.70                                 LAWLER 
  4074.944      40.0     0.542     -0.84                                        
  4075.110      60.1     0.204     -0.48                                 LAWLER 
  4075.270      60.1     0.064     -0.76                                 LAWLER 
  4075.546      58.1     0.708     -1.35                                 LAWLER 
  4075.700      58.1     0.700      0.23                                 LAWLER 
  4075.847      58.1     0.608      0.16                                 LAWLER 
  4076.239      58.1     0.807     -0.42                                        
  4076.525      40.0     0.519     -1.05                                        
  4076.692   57.1139     0.000    -3.429                                 LAWLER 
  4076.694   57.1139     0.000    -3.011                                 LAWLER 
  4076.694   57.1139     0.000    -3.128                                 LAWLER 
  4076.695   57.1139     0.000    -3.207                                 LAWLER 
  4076.697   57.1139     0.000    -2.945                                 LAWLER 
  4076.698   57.1139     0.000    -2.740                                 LAWLER 
  4076.700   57.1139     0.000    -3.304                                 LAWLER 
  4076.702   57.1139     0.000    -2.886                                 LAWLER 
  4076.703   57.1139     0.000    -2.533                                 LAWLER 
  4076.705   57.1139     0.000    -3.450                                 LAWLER 
  4076.708   57.1139     0.000    -2.920                                 LAWLER 
  4076.709   57.1139     0.000    -2.362                                 LAWLER 
  4076.712   57.1139     0.000    -3.684                                 LAWLER 
  4076.715   57.1139     0.000    -3.102                                 LAWLER 
  4076.720   57.1139     0.000    -4.102                                 LAWLER 
  4077.046      40.1     0.959     -1.69                                Ljung06 
  4077.310   57.1139     0.235    -0.583                                 LAWLER 
  4077.318   57.1139     0.235    -1.072                                 LAWLER 
  4077.324   57.1139     0.235    -1.771                                 LAWLER 
  4077.346   57.1139     0.235    -0.876                                 LAWLER 
  4077.352   57.1139     0.235    -0.956                                 LAWLER 
  4077.357   57.1139     0.235    -1.331                                 LAWLER 
  4077.360      39.0     0.000      0.22                                        
  4077.374   57.1139     0.235    -1.331                                 LAWLER 
  4077.379   57.1139     0.235    -1.076                                 LAWLER 
  4077.383   57.1139     0.235    -1.060                                 LAWLER 
  4077.467      58.1     0.295     -0.44                                BIEMONT 
  4077.612      60.1     1.250     -0.04                                        
  4077.714      38.1     0.000      0.15                              NIST/AA   
  4078.235      63.0     1.707     -0.20                                        
  4078.312      40.0     0.520     -0.97                                        
  4078.324      58.1     0.957      0.15                                BIEMONT 
  4078.517      58.1     0.924     -0.17                                BIEMONT 
  4078.603      58.1     0.808     -0.64                                BIEMONT 
  4078.991      58.1     0.875     -0.75                                        
  4079.036      58.1     1.057     -0.43                                BIEMONT 
  4079.167      57.0     0.000     -0.94                                        
  4079.672      58.1     0.896     -0.40                                 LAWLER 
  4080.220      60.1     0.064     -0.97                                 LAWLER 
  4080.438      58.1     0.357     -0.70                                 LAWLER 
  4081.219      40.0     0.730      0.15                                        
  4081.219      58.1     0.477      0.01                                BIEMONT 
  4081.613      58.1     0.811     -0.30                                BIEMONT 
  4082.098      58.1     0.703     -1.68                                 LAWLER 
  4082.294      40.0     0.154     -1.89                                        
  4082.525      60.1     1.527      0.15                                        
  4082.690      60.1     0.380     -1.66                                 LAWLER 
  4083.074      40.0     1.442     -0.36                                        
  4083.222      58.1     0.700      0.27                                 LAWLER 
  4083.367      39.0     2.294      0.28                                        
  4083.480      58.1     1.122     -0.24                                BIEMONT 
  4083.629      58.1     2.006      0.48                                        
  4083.703      39.0     0.000     -0.60                                        
  4084.247      40.0     1.821      0.12                                        
  4085.236      58.1     0.674     -0.15                                 LAWLER 
  4085.388      63.1     1.229     -1.51                                        
  4085.670      40.0     1.581     -0.12                                        
  4085.719      40.1     0.931     -1.84                                Ljung06 
  4085.810      60.1     0.000     -1.16                                 LAWLER 
  4086.433      58.1     0.529     -0.97                                 LAWLER 
  4086.695   57.1139     0.000    -1.266                                 LAWLER 
  4086.699   57.1139     0.000    -1.108                                 LAWLER 
  4086.702   57.1139     0.000    -1.119                                 LAWLER 
  4086.705   57.1139     0.000    -1.292                                 LAWLER 
  4086.707   57.1139     0.000    -0.696                                 LAWLER 
  4086.709   57.1139     0.000    -1.094                                 LAWLER 
  4086.710   57.1139     0.000    -1.790                                 LAWLER 
  4086.711   57.1139     0.000    -3.219                                 LAWLER 
  4086.712   57.1139     0.000    -1.468                                 LAWLER 
  4086.717   57.1139     0.000    -1.292                                 LAWLER 
  4086.719   57.1139     0.000    -1.119                                 LAWLER 
  4086.720   57.1139     0.000    -1.108                                 LAWLER 
  4086.721   57.1139     0.000    -1.266                                 LAWLER 
  4086.804      60.1     1.880      0.20                                        
  4087.296      58.1     0.703     -0.81                                BIEMONT 
  4087.362      58.1     0.529     -0.73                                 LAWLER 
  4087.565      58.1     1.057     -0.65                                        
  4087.695      40.0     1.582     -0.42                                        
