Sr 4215 +/-10 A
  4205.530 106.00113     2.588    -1.086               3.456
  4205.539      26.0     3.417    -1.565
  4205.553 106.00112     2.100    -1.315               3.456
  4205.561 106.00112     3.174    -0.948               3.456
  4205.572      23.1     6.457    -4.074
  4205.580      60.1     0.630     -0.55                                 LAWLER 
  4205.581 106.00113     0.519    -1.301               3.456
  4205.583 106.00112     3.174    -4.050               3.456
  4205.597 106.00112     2.055    -4.331               3.456
  4205.599      69.1     4.288    -2.150
  4205.606 106.00112     2.100    -3.914               3.456
  4205.610      70.1     6.076    -2.260
  4205.617      26.0     4.435    -3.302
  4205.620 106.00113     2.941    -4.930               3.456
  4205.624      20.0     5.885    -3.998
  4205.641 106.00112     2.100    -3.994               3.456
  4205.648 106.00113     2.359    -4.805               3.456
  4205.649     107.0     1.754    -4.580               3.450
  4205.669 106.00112     2.200    -2.551               3.456
  4205.694 106.00112     2.100    -1.297               3.456
  4205.715 106.00112     1.984    -2.354               3.456
  4205.717 106.00113     1.984    -4.708               3.456
  4205.740 106.00113     0.488    -4.071               3.456
  4205.772 106.00112     1.984    -4.708               3.456
  4205.779      62.0     0.498    -0.046
  4205.781 106.00113     1.019    -1.334               3.456
  4205.783 106.00112     2.200    -2.565               3.456
  4205.790      58.1     0.875     -1.18                                        
  4205.792      25.1     5.348    -3.764
  4205.806      42.0     3.179    -0.675
  4205.822 106.00113     2.100    -3.914               3.456
  4205.826     607.0     0.795    -4.444               7.650
  4205.841      23.0     1.931    -2.986
  4205.852     107.0     1.750    -4.537               3.450
  4205.859 106.00112     1.984    -2.337               3.456
  4205.859      22.0     2.256    -1.966
  4205.860 106.00113     1.019    -1.348               3.456
  4205.871      23.0     3.266    -4.120
  4205.885      73.0     0.491    -1.350
  4205.887     607.0     0.795    -0.776               7.650
  4205.890     107.0     1.754    -4.561               3.450
  4205.891      25.0     4.608    -2.873
  4205.893      58.1     1.273     -0.79                                        
  4205.912      22.1     1.116    -3.914
  4205.915 106.00113     2.687    -2.111               3.456
  4205.939      40.1     2.408     -1.50                                        
  4205.956 106.00112     0.488    -4.071               3.456
  4205.959     607.0     0.795    -0.785               7.650
  4205.961 106.00113     2.687    -2.122               3.456
  4205.966      70.1     6.556    -3.980
  4205.992      24.1     6.282    -3.609
  4206.003      69.1     0.000    -1.888
  4206.015      44.0     1.002    -0.540
  4206.064      23.1     1.673    -3.724
  4206.066     107.0     1.754    -4.537               3.450
  4206.087 106.00113     2.604    -4.805               3.456
  4206.114      41.0     1.574    -0.620
  4206.120      62.1     0.378    -0.720
  4206.142      27.0     2.718    -2.112
  4206.144      27.0     3.514    -1.442
  4206.158 106.00113     0.733    -1.979               3.456
  4206.176      20.1     7.505    -2.210
  4206.190      23.0     2.269    -3.624
  4206.210     607.0     0.255    -1.926               7.650
  4206.214     607.0     0.255    -2.081               7.650
  4206.217     607.0     0.255    -3.227               7.650
  4206.239 106.00113     0.733    -2.025               3.456
  4206.250      24.0     4.533    -2.437
  4206.278 106.00113     0.488    -4.071               3.456
  4206.301      23.0     3.226    -4.638
  4206.301      26.0     4.387    -1.696
  4206.306 106.00112     1.539    -4.562               3.456
  4206.319      17.0     9.029    -1.760
  4206.367      25.1     5.397    -1.553
  4206.446      25.0     4.258    -2.821
  4206.448      69.1     3.715    -0.550
  4206.458      22.0     2.506    -3.184
  4206.466 106.00112     2.058    -4.573               3.456
  4206.481      26.0     4.559    -4.192
  4206.540      66.1     0.000    -1.380
  4206.545 106.00112     2.604    -2.210               3.456
  4206.552 106.00113     0.840    -4.514               3.456
  4206.568 106.00112     0.521    -1.301               3.456
  4206.572 106.00112     2.941    -4.930               3.456
  4206.574      72.1     2.496     0.050
  4206.584 106.00113     0.733    -4.020               3.456
  4206.595     607.0     0.773    -4.435               7.650
  4206.599      23.0     2.578    -0.702
  4206.613      45.0     0.410    -2.620
  4206.618      62.1     0.544    -0.830
  4206.632 106.00112     3.284    -4.161               3.456
  4206.634      26.0     4.435    -1.218
  4206.650 106.00112     0.521    -3.556               3.456
  4206.655     607.0     0.773    -0.785               7.650
  4206.655 106.00112     0.521    -1.320               3.456
  4206.657      90.1     2.197    -0.480
  4206.669 106.00112     2.604    -2.223               3.456
  4206.682 106.00113     1.539    -4.562               3.456
  4206.697      26.0     0.052    -4.090
  4206.699 106.00112     2.941    -2.079               3.456
  4206.700      20.0     6.016    -2.458
  4206.719      59.1     0.550     0.309
  4206.726     607.0     0.773    -0.794               7.650
  4206.756 106.00112     2.604    -4.805               3.456
  4206.757      70.1     4.347    -3.580
  4206.777      21.0     1.996    -1.573
  4206.809 106.00113     0.521    -3.556               3.456
  4206.821 106.00112     2.941    -2.090               3.456
  4206.864      20.0     5.964    -4.109
  4206.895      24.0     4.618     0.256
  4206.923     107.0     1.969    -4.998               3.450
  4206.926 106.00112     3.278    -3.908               3.456
  4206.931 106.00113     2.102    -3.994               3.456
  4206.963     607.0     0.254    -2.081               7.650
  4206.965 106.00112     2.129    -4.573               3.456
  4206.965 106.00112     3.284    -4.170               3.456
  4206.966     607.0     0.254    -2.337               7.650
  4206.968     607.0     0.254    -3.036               7.650
  4206.979 106.00112     3.278    -3.917               3.456
  4206.997      26.1     9.836    -4.496
  4207.028      58.1     0.703     -2.47                                 LAWLER 
  4207.034 106.00112     0.955    -3.0                 3.456
  4207.045      74.0     2.436     0.010
  4207.046 106.00112     0.955    -3.0                 3.456
  4207.069 106.00113     3.278    -4.229               3.456
  4207.069 106.00113     2.361    -4.805               3.456
  4207.093      25.1     5.348    -3.156
  4207.099 106.00113     0.840    -2.073               3.456
  4207.114 106.00113     0.840    -1.808               3.456
  4207.127      26.0     2.831    -1.590
  4207.135 106.00112     0.955    -3.639               3.456
  4207.197 106.00113     3.278    -4.239               3.456
  4207.234      25.1     1.833    -4.470
  4207.250      42.0     3.179    -1.334
  4207.255 106.00113     0.955    -3.639               3.456
  4207.270      21.0     2.001    -1.369
  4207.335     607.0     0.752    -4.425               7.650
  4207.347 106.00113     2.058    -4.573               3.456
  4207.358 106.00113     3.278    -3.908               3.456
  4207.363      24.1     3.827    -2.3  
  4207.370 106.00113     0.521    -1.301               3.456
  4207.371      22.0     2.250    -3.133
  4207.394     607.0     0.752    -0.794               7.650
  4207.395 106.00113     0.521    -1.320               3.456
  4207.399 106.00113     3.278    -3.917               3.456
  4207.400      42.0     3.187    -1.411
  4207.436 106.00112     2.044    -4.013               3.456
  4207.439      26.0     4.593    -1.3  
  4207.463     607.0     0.752    -0.804               7.650
  4207.489      24.0     3.011    -4.387
  4207.505 106.00113     2.941    -2.079               3.456
  4207.535      23.0     3.245    -3.211
  4207.539 106.00113     3.174    -4.050               3.456
  4207.559      42.0     2.515    -2.046
  4207.588 106.00113     2.941    -2.090               3.456
  4207.603      21.0     4.504    -3.149
  4207.603      21.0     4.504    -2.272
  4207.603      27.0     2.700    -2.105
  4207.633      44.0     1.838    -0.590
  4207.659 106.00113     0.840    -4.224               3.456
  4207.670 106.00112     1.483    -4.552               3.456
  4207.675     107.0     1.687    -4.607               3.450
  4207.687     607.0     0.253    -2.337               7.650
  4207.690      66.0     1.142    -0.260
  4207.692     607.0     0.253    -2.638               7.650
  4207.716 106.00113     2.102    -1.297               3.456
  4207.727      22.0     2.695    -2.550
  4207.734      26.1     9.825    -4.279
  4207.751      25.0     4.268    -3.903
  4207.751      25.0     4.268    -3.933
  4207.769      20.0     4.769    -2.629
  4207.771     607.0     0.289    -4.953               7.650
  4207.790 106.00113     0.955    -1.360               3.456
  4207.799 106.00113     2.102    -1.315               3.456
  4207.81       26.0     3.5      -2.5
  4207.863      23.0     2.678    -2.133
  4207.864 106.00113     0.955    -1.346               3.456
  4207.879      25.1     5.398    -3.441
  4207.889      69.1     3.744    -2.220
  4207.895 106.00112     0.872    -4.133               3.456
  4207.896 106.00112     0.733    -1.979               3.456
  4207.911      26.0     4.294    -4.696
  4207.923 106.00112     0.733    -4.020               3.456
  4207.926 106.00113     2.129    -4.573               3.456
  4207.932      23.0     1.942    -3.691
  4207.937      25.0     5.112    -2.426
  4207.951 106.00113     1.986    -2.337               3.456
  4207.983      69.1     4.480    -2.630
  4207.995 106.00113     1.483    -4.552               3.456
  4208.044     607.0     0.731    -4.416               7.650
  4208.056 106.00112     0.733    -2.025               3.456
  4208.074     107.0     1.687    -4.587               3.450
  4208.085      64.0     0.812    -0.611
  4208.093      24.0     3.648    -3.918
  4208.100 106.00113     1.986    -2.354               3.456
  4208.102     607.0     0.731    -0.804               7.650
  4208.109 106.00112     2.592    -1.086               3.456
  4208.131      69.1     3.349    -2.960
  4208.152      41.0     0.019    -1.610
  4208.157 106.00113     0.872    -4.133               3.456
  4208.170     607.0     0.731    -0.813               7.650
  4208.186      22.0     2.738    -1.343
  4208.189      26.1     9.825    -4.668
  4208.193      22.0     3.112    -4.129
  4208.201      24.1     6.282    -3.759
  4208.212 106.00112     2.102    -3.994               3.456
  4208.221      26.0     4.435    -3.851
  4208.227      24.0     3.889    -3.893
  4208.247 106.00112     2.592    -3.946               3.456
  4208.265 106.00112     2.102    -1.297               3.456
  4208.272      22.0     2.427    -2.707
  4208.295      23.0     2.565    -1.497
  4208.313      59.1     0.216    -0.506
  4208.313      20.0     5.689    -2.606
  4208.314 106.00112     2.102    -1.315               3.456
  4208.321 106.00113     2.361    -1.903               3.456
  4208.329     107.0     1.692    -4.607               3.450
  4208.338      25.0     4.320    -3.512
  4208.353      24.0     3.850    -0.4  
  4208.367 106.00112     2.102    -3.914               3.456
  4208.387      27.0     3.713    -1.866
  4208.389      21.0     2.320    -2.165
  4208.428      26.0     4.435    -3.377
  4208.444 106.00112     2.361    -4.805               3.456
  4208.449 106.00113     2.362    -1.917               3.456
  4208.484     107.0     1.687    -4.562               3.450
  4208.488 106.00112     2.592    -1.096               3.456
  4208.509      70.1     6.562    -2.710
  4208.509      24.0     4.613    -3.048
  4208.519      24.0     2.967    -3.034
  4208.520 106.00112     2.361    -1.903               3.456
  4208.530 106.00112     0.840    -4.514               3.456
  4208.536 106.00112     0.840    -1.808               3.456
  4208.550 106.00112     3.278    -4.229               3.456
  4208.560      26.0     4.387    -3.092
  4208.562 106.00112     0.840    -2.073               3.456
  4208.568 106.00112     0.840    -4.224               3.456
  4208.584 106.00113     2.102    -3.914               3.456
  4208.587      27.0     3.622    -1.791
  4208.593      26.0     3.397    -2.540
  4208.594      27.1     2.681    -3.226
  4208.601 106.00112     3.278    -4.239               3.456
  4208.602     107.0     1.692    -4.587               3.450
  4208.604      26.0     3.397    -1.494
  4208.626 106.00112     2.362    -1.917               3.456
  4208.649 106.00112     0.873    -4.133               3.456
  4208.651 106.00112     2.050    -4.529               3.456
  4208.702 106.00112     2.362    -4.805               3.456
  4208.724     607.0     0.710    -4.406               7.650
  4208.727      25.1     6.913    -3.751
  4208.743      27.0     3.713    -1.381
  4208.745      64.1     1.060    -1.780
  4208.777      42.0     3.168    -1.842
  4208.780     607.0     0.710    -0.813               7.650
  4208.847     607.0     0.710    -0.823               7.650
  4208.855      26.0     4.435    -3.696
  4208.860      21.0     2.614    -2.002
  4208.891      90.1     0.831    -0.738
  4208.902     107.0     1.692    -4.562               3.450
  4208.908 106.00112     1.986    -2.337               3.456
  4208.911 106.00113     0.873    -4.133               3.456
  4208.953      24.0     3.849    -3.337
  4208.977 106.00112     1.986    -2.354               3.456
  4208.979 106.00113     1.986    -4.708               3.456
  4208.980      40.1     0.713     -0.51                                Ljung06 
  4208.997      22.0     3.113    -3.472
  4209.027 106.00113     0.640    -4.748               3.456
  4209.034 106.00112     1.986    -4.708               3.456
  4209.046     607.0     0.254    -2.638               7.650
  4209.048     607.0     0.254    -2.337               7.650
  4209.059      24.1     9.580    -2.729
  4209.089      26.1     7.575    -4.961
  4209.094      24.1     5.319    -2.379
  4209.096      20.0     6.018    -3.765
  4209.099      23.1     4.020    -1.832
  4209.128 106.00112     0.957    -5.0                 3.456
  4209.137      25.1     5.548    -3.673
  4209.162      23.1     6.496    -2.987
  4209.163 106.00113     2.592    -3.946               3.456
  4209.176      24.0     3.850    -1.270
  4209.203      20.0     5.832    -4.534
  4209.209      24.0     4.824    -3.115
  4209.216 106.00112     0.957    -3.639               3.456
  4209.248      23.0     2.678    -2.506
  4209.252 106.00112     0.957    -5.0                 3.456
  4209.305      69.1     3.506    -2.020
  4209.337 106.00113     0.957    -3.639               3.456
  4209.362      24.0     3.850     0.1  
  4209.364      69.1     3.331    -3.570
  4209.373     607.0     0.690    -4.396               7.650
  4209.378      69.1     3.934    -2.150
  4209.388      23.1     5.812    -4.482
  4209.390 106.00112     2.982    -2.584               3.456
  4209.406      58.1     0.683     -0.61                                 LAWLER 
  4209.408 106.00112     1.484    -4.552               3.456
  4209.428     607.0     0.690    -0.823               7.650
  4209.459     607.0     0.295    -4.910               7.650
  4209.493      27.0     3.514    -2.501
  4209.494     607.0     0.690    -0.1                 7.650
  4209.507     607.0     1.388    -4.905               7.650
  4209.571      20.0     5.983    -4.204
  4209.583      26.1     7.806    -2.881
  4209.601      24.1     6.285    -3.236
  4209.601      26.0     4.103    -2.0  
  4209.626 106.00113     2.496    -2.978               3.456
  4209.642      42.1     3.114    -1.000
  4209.648      42.1     3.114    -1.415
  4209.659      24.0     4.535    -2.497
  4209.665      17.0     8.922    -2.160
  4209.667      20.0     5.983    -4.939
  4209.674      25.0     4.679    -1.516
  4209.677     607.0     0.255    -3.036               7.650
  4209.681     607.0     0.255    -2.081               7.650
  4209.682     607.0     0.255    -2.337               7.650
  4209.689 106.00113     3.080    -4.262               3.456
  4209.702 106.00113     2.362    -4.805               3.456
  4209.715      24.0     3.104    -2.656
  4209.734 106.00113     1.484    -4.552               3.456
  4209.743      72.0     1.803    -0.380
  4209.759      23.1     1.675    -1.6  
  4209.776 106.00112     2.982    -2.594               3.456
  4209.807      24.1     5.670    -2.838
  4209.829      26.0     4.320    -1.353
  4209.847      23.0     0.301    -1.377
  4209.865     107.0     1.628    -4.635               3.450
  4209.874      20.0     5.832    -3.754
  4209.883 106.00113     3.080    -4.272               3.456
  4209.883      21.0     2.010    -1.425
  4209.907      22.0     1.749    -3.649
  4209.910      26.0     4.103    -3.043
  4209.947 106.00113     0.957    -1.346               3.456
  4209.956      24.0     3.888    -4.192
  4209.992     607.0     0.670    -4.386               7.650
  4209.992      58.1     0.655     -1.10                                        
  4210.009 106.00113     0.957    -1.360               3.456
  4210.023      22.0     2.160    -2.876
  4210.046     607.0     0.670    -0.833               7.650
  4210.076 106.00113     2.496    -2.989               3.456
  4210.083      27.0     3.713    -1.072
  4210.102     607.0     1.148    -4.978               7.650
  4210.109     607.0     0.670    -0.844               7.650
  4210.127      28.0     4.105    -2.477
  4210.179      23.1     5.475    -2.137
  4210.198      28.0     3.834    -3.350
  4210.233      58.1     0.792     -1.44                                 LAWLER 
  4210.241 106.00113     3.174    -0.948               3.456
  4210.250      24.0     3.850    -1.0  
  4210.251      26.0     4.387    -2.961
  4210.260     107.0     2.759    -2.973               3.450
  4210.280     607.0     0.256    -3.227               7.650
  4210.284     607.0     0.256    -1.926               7.650
  4210.284     607.0     0.256    -2.081               7.650
  4210.300     107.0     1.628    -4.614               3.450
  4210.301 106.00112     0.124    -4.003               3.456
  4210.319 106.00113     2.982    -2.584               3.456
  4210.322 106.00112     2.131    -4.573               3.456
  4210.339      62.1     0.104    -0.960
  4210.344    26.0       2.480    -0.928
  4210.376 106.00113     3.174    -0.939               3.456
  4210.383    26.0       3.069    -1.242
  4210.401      23.0     2.295    -1.216
  4210.433      23.0     1.893    -2.092
  4210.437      24.0     3.850    -2.273
  4210.441      92.1     0.217    -1.864
  4210.493      25.0     4.354    -3.874
  4210.514      25.0     4.679    -1.364
  4210.537      70.1     5.581    -3.660
  4210.546 106.00112     2.664    -4.693               3.456
  4210.555 106.00113     2.049    -4.960               3.456
  4210.571      25.0     4.354    -1.675
  4210.580     607.0     0.651    -4.375               7.650
  4210.597     107.0     2.658    -3.026               3.450
  4210.609      40.1     1.665     -1.19                                Ljung06 
  4210.617 106.00112     0.640    -4.748               3.456
  4210.627 106.00113     2.080    -3.985               3.456
  4210.633     607.0     0.651    -0.844               7.650
  4210.643 106.00113     0.124    -4.003               3.456
  4210.665 106.00113     2.982    -2.594               3.456
  4210.668 106.00112     2.496    -2.978               3.456
  4210.670      70.1     6.354    -1.200
  4210.695     607.0     0.651    -0.854               7.650
  4210.715     107.0     1.632    -4.635               3.450
  4210.742     607.0     1.265    -4.639               7.650
  4210.748 106.00112     0.124    -4.003               3.456
  4210.754     107.0     1.628    -4.587               3.450
  4210.759      25.0     4.354    -2.878
  4210.759      24.0     3.000    -1.981
  4210.765      90.0     0.966    -0.790
  4210.768      23.0     2.278    -2.341
  4210.777      28.0     3.847    -2.183
  4210.799     107.0     2.759    -2.973               3.450
  4210.848      23.1     6.146    -2.025
  4210.851      23.0     2.581    -0.686
  4210.853     607.0     0.258    -3.358               7.650
  4210.858     607.0     0.258    -1.814               7.650
  4210.860     607.0     0.258    -1.926               7.650
  4210.885      26.0     4.473    -2.0  
  4210.891      42.0     2.934    -1.847
  4210.923      90.0     0.000    -1.371
  4210.943 106.00112     0.463    -1.337               3.456
  4210.956      47.0     3.778    -0.381
  4210.987 106.00112     2.684    -1.076               3.456
  4210.991     107.0     2.658    -3.026               3.450
  4210.995 106.00112     0.463    -1.317               3.456
  4211.008     607.0     1.388    -4.897               7.650
  4211.011      23.1     6.101    -4.431
  4211.015      42.0     2.076    -1.845
  4211.019 106.00113     2.664    -4.693               3.456
  4211.044 106.00112     2.684    -1.086               3.456
  4211.048 106.00112     2.496    -2.989               3.456
  4211.048      21.0     4.186    -1.547
  4211.057     107.0     1.632    -4.614               3.450
  4211.069 106.00112     0.463    -3.485               3.456
  4211.076 106.00113     2.592    -1.086               3.456
  4211.080      24.1     5.330    -2.976
  4211.090 106.00113     0.124    -4.003               3.456
  4211.126 106.00112     2.684    -3.946               3.456
  4211.133      45.0     0.706    -0.360
  4211.138     607.0     0.632    -4.365               7.650
  4211.178      23.0     2.286    -2.571
  4211.189     607.0     0.632    -0.854               7.650
  4211.211 106.00113     0.463    -3.485               3.456
  4211.231     607.0     0.341    -4.980               7.650
  4211.250     607.0     0.632    -0.865               7.650
  4211.252      70.1     7.393    -3.380
  4211.262     607.0     0.302    -4.870               7.650
  4211.271      22.0     1.887    -3.158
  4211.284 106.00113     2.865    -3.631               3.456
  4211.286 106.00113     2.131    -4.573               3.456
  4211.290      67.1     0.725    -1.700
  4211.290      60.1     0.204     -0.86                                 LAWLER 
  4211.291      69.1     4.340    -2.680
  4211.293 106.00113     2.592    -1.096               3.456
  4211.296      70.1     5.954    -2.320
  4211.306     107.0     1.229    -4.997               3.450
  4211.310      24.0     3.013    -1.5  
  4211.318      40.0     1.821     -0.23                                        
  4211.319     107.0     1.632    -4.587               3.450
  4211.364      23.0     2.138    -3.415
  4211.366      24.0     3.087    -1.203
  4211.393     607.0     0.260    -3.457               7.650
  4211.400     607.0     0.260    -1.725               7.650
  4211.402     607.0     0.260    -1.814               7.650
  4211.448     607.0     0.284    -4.955               7.650
  4211.491 106.00112     1.430    -4.543               3.456
  4211.494      70.1     7.273    -1.680
  4211.515      26.0     4.313    -2.792
  4211.526      24.0     2.983    -1.680
  4211.527      23.0     2.130    -2.143
  4211.571      24.0     3.889    -3.901
  4211.602      20.0     5.967    -4.549
  4211.614     607.0     0.324    -4.989               7.650
  4211.626 106.00112     0.895    -3.0                 3.456
  4211.626 106.00113     0.463    -3.0                 3.456
  4211.632      20.0     4.763    -3.370
  4211.642 106.00112     3.080    -4.262               3.456
  4211.647      26.0     4.218    -2.753
  4211.647      28.0     3.834    -3.075
  4211.651 106.00112     0.895    -3.0                 3.456
  4211.654      22.0     3.104    -2.830
  4211.658      92.1     0.569    -1.040
  4211.664     107.0     1.571    -4.665               3.450
  4211.665     607.0     0.614    -4.354               7.650
  4211.676      22.0     3.112    -2.612
  4211.706 106.00113     2.865    -3.641               3.456
  4211.715     607.0     0.614    -0.865               7.650
  4211.715 106.00112     2.204    -4.573               3.456
  4211.717      66.0     0.000     1.020
  4211.720      22.0     2.487    -0.436
  4211.727 106.00112     3.080    -4.272               3.456
  4211.734 106.00112     0.895    -3.633               3.456
  4211.736 106.00113     0.463    -1.317               3.456
  4211.741      20.0     4.780    -4.448
  4211.742      25.0     4.268    -0.442
  4211.763     607.0     1.149    -4.973               7.650
  4211.772 106.00113     1.430    -4.543               3.456
  4211.775     607.0     0.614    -0.876               7.650
  4211.791      26.0     4.473    -4.553
  4211.807 106.00112     3.493    -3.819               3.456
  4211.814      24.1     6.285    -4.484
  4211.825      26.0     4.283    -2.580
  4211.839 106.00113     0.895    -3.633               3.456
  4211.841 106.00113     2.055    -4.891               3.456
  4211.853      76.0     2.909     0.820
  4211.857      59.1     0.550    -0.404
  4211.877      40.1     0.527     -1.04                                Ljung06 
  4211.907     607.0     0.263    -3.538               7.650
  4211.907      40.1     0.526     -1.08                                        
  4211.915     607.0     0.263    -1.651               7.650
  4211.918     607.0     0.263    -1.725               7.650
  4211.940      25.0     4.713    -3.240
  4211.948      24.0     3.385    -4.082
  4211.956      69.1     3.804    -2.460
  4211.960      24.0     4.824    -3.342
  4211.970      69.0     2.150    -1.340
  4212.010      64.1     0.425    -0.424
  4212.049      41.0     1.610    -0.590
  4212.052 106.00113     2.050    -4.670               3.456
  4212.063      44.0     0.811    -0.200
  4212.065      26.0     3.417    -3.5  
  4212.071     107.0     1.261    -4.966               3.450
  4212.098      26.0     4.446    -3.159
  4212.118 106.00113     2.684    -3.946               3.456
  4212.138     107.0     1.571    -4.643               3.450
  4212.145     607.0     1.265    -4.632               7.650
  4212.162     607.0     0.596    -4.342               7.650
  4212.198      23.0     1.945    -2.120
  4212.211     607.0     0.596    -0.876               7.650
  4212.253      92.1     0.548    -0.811
  4212.269     607.0     0.596    -0.888               7.650
  4212.286 106.00112     2.865    -3.631               3.456
  4212.287      69.1     3.186    -2.280
  4212.320      21.0     1.986    -0.598
  4212.325 106.00113     0.895    -1.375               3.456
  4212.365      70.1     6.660    -2.140
  4212.388     607.0     0.266    -3.605               7.650
  4212.398     607.0     0.266    -1.588               7.650
  4212.405     607.0     0.266    -1.651               7.650
  4212.409 106.00113     0.895    -1.358               3.456
  4212.420      25.0     2.941    -3.316
  4212.425 106.00113     2.055    -4.541               3.456
  4212.482      21.0     1.987    -0.862
  4212.501 106.00113     1.860    -1.670               3.456
  4212.524      41.0     1.354    -0.840
  4212.529      24.0     3.011    -2.263
  4212.569 106.00113     1.860    -1.750               3.456
  4212.585      26.1     7.988    -4.909
  4212.597      40.0     1.349     -0.70                                        
  4212.609 106.00112     0.464    -1.317               3.456
  4212.628     607.0     0.578    -4.331               7.650
  4212.630     107.0     1.229    -4.937               3.450
  4212.641     107.0     1.575    -4.665               3.450
  4212.641     107.0     1.571    -4.614               3.450
  4212.659 106.00112     2.865    -3.641               3.456
  4212.671 106.00112     0.464    -1.337               3.456
  4212.676     607.0     0.578    -0.888               7.650
  4212.684 106.00112     0.464    -3.485               3.456
  4212.732     607.0     0.578    -0.899               7.650
  4212.746      60.1     0.182     -1.53                                        
  4212.764 106.00113     2.204    -4.573               3.456
  4212.784      69.1     1.087    -2.320
  4212.798     607.0     0.289    -4.911               7.650
  4212.811      69.1     4.329    -3.570
  4212.814      47.0     3.778    -1.333
  4212.822 106.00113     2.063    -4.686               3.456
  4212.826 106.00113     0.464    -3.485               3.456
  4212.826      25.1     7.758    -2.480
  4212.834      28.0     3.847    -2.0  
  4212.842     607.0     0.270    -3.664               7.650
  4212.853     607.0     0.270    -1.534               7.650
  4212.859     607.0     0.270    -1.588               7.650
  4212.891      69.1     2.679    -1.510
  4212.930      62.1     0.485    -1.620
  4212.933      25.0     3.373    -3.951
  4212.954      46.0     1.453    -0.450
  4212.991     107.0     1.261    -4.932               3.450
  4213.001      11.0     2.102    -2.650
  4213.006     107.0     1.575    -4.643               3.450
  4213.017      39.0     2.011     -0.11                                        
  4213.029      62.1     0.485    -1.810
  4213.035      58.1     0.674     -0.94                                 LAWLER 
  4213.038      14.0     4.930    -4.897
  4213.051      60.1     1.336     -0.30                                        
  4213.052     107.0     1.518    -4.697               3.450
  4213.065     607.0     0.561    -4.319               7.650
  4213.066 106.00113     1.860    -3.810               3.456
  4213.067      90.0     0.317    -1.432
  4213.073 106.00112     1.432    -4.543               3.456
  4213.073 106.00113     3.493    -3.819               3.456
  4213.090 106.00112     3.179    -0.939               3.456
  4213.111     607.0     0.561    -0.899               7.650
  4213.123     107.0     1.232    -4.997               3.450
  4213.147 106.00113     2.063    -4.443               3.456
  4213.149      23.0     1.931    -4.590
  4213.167     607.0     0.561    -0.911               7.650
  4213.168     607.0     0.351    -4.955               7.650
  4213.169      26.1     7.558    -3.806
  4213.179      24.0     3.079    -1.0  
  4213.180     607.0     0.309    -4.833               7.650
  4213.180      66.0     0.874     0.640
  4213.185     607.0     0.333    -4.964               7.650
  4213.198      60.1     1.498     -0.15                                        
  4213.220 106.00112     3.179    -4.050               3.456
  4213.242      41.0     1.524    -0.670
  4213.253     607.0     0.274    -3.716               7.650
  4213.264     607.0     0.274    -1.485               7.650
  4213.265      23.0     2.575    -3.405
  4213.266      75.0     3.365     0.010
  4213.284     607.0     0.274    -1.534               7.650
  4213.314      26.0     4.284    -2.996
  4213.332      24.0     3.845    -5.0  
  4213.351      24.0     3.375    -1.883
  4213.351 106.00113     0.464    -1.317               3.456
  4213.352      24.0     3.892    -4.332
  4213.353 106.00113     1.432    -4.543               3.456
  4213.355 106.00113     0.464    -1.337               3.456
  4213.380      25.0     4.608    -2.910
  4213.388     107.0     1.295    -4.908               3.450
  4213.401 106.00112     1.860    -1.670               3.456
  4213.402     107.0     1.575    -4.614               3.450
  4213.420      65.1     0.857    -0.610
  4213.421      26.0     2.728    -4.004
  4213.424      24.0     4.616    -0.796
  4213.432      26.0     4.191    -2.958
  4213.446 106.00112     3.179    -0.948               3.456
  4213.449 106.00112     1.860    -3.810               3.456
  4213.464      41.0     2.086    -0.470
  4213.469     607.0     0.545    -4.307               7.650
  4213.483      23.0     2.286    -3.417
  4213.491      22.0     2.408    -4.839
  4213.514     607.0     0.545    -0.911               7.650
  4213.517 106.00112     2.080    -3.985               3.456
  4213.518      26.1     7.773    -1.835
  4213.519      70.1     7.275    -2.700
  4213.522      39.0     1.852     -0.56                                        
  4213.542 106.00112     1.860    -1.750               3.456
  4213.556 106.00112     0.897    -1.358               3.456
  4213.569     607.0     0.545    -0.924               7.650
  4213.570     107.0     1.518    -4.674               3.450
  4213.627      69.1     3.648    -2.630
  4213.639 106.00112     0.897    -3.633               3.456
  4213.645     607.0     0.279    -3.762               7.650
  4213.647      26.0     2.845    -1.420
  4213.658     607.0     0.279    -1.441               7.650
  4213.659 106.00112     0.897    -1.375               3.456
  4213.660      24.0     2.544    -2.853
  4213.675     607.0     0.279    -1.485               7.650
  4213.691      20.0     6.021    -2.828
  4213.737      69.1     4.081    -2.160
  4213.744 106.00113     0.897    -3.633               3.456
  4213.780      23.1     5.789    -3.481
  4213.844     607.0     0.529    -4.294               7.650
  4213.855      70.1     6.354    -2.380
  4213.861     107.0     1.263    -4.966               3.450
  4213.863      76.0     3.101    -0.030
  4213.865      92.0     1.402     0.439
  4213.865      40.0     0.603     -0.72                                        
  4213.869      69.1     3.618    -3.000
  4213.85       26.0     4.0      -1.9
  4213.888     607.0     0.529    -0.924               7.650
  4213.911      23.0     2.583    -3.669
  4213.922      24.0     4.389    -4.295
  4213.942     607.0     0.529    -0.6                 7.650
  4213.966      24.0     3.890    -3.456
  4213.982      24.1     4.944    -4.885
  4213.998      59.1     0.216    -1.271
  4214.005     607.0     0.284    -3.803               7.650
  4214.005 106.00113     2.073    -4.552               3.456
  4214.015     107.0     1.467    -4.732               3.450
  4214.016 106.00113     2.684    -1.086               3.456
  4214.019     607.0     0.284    -1.402               7.650
  4214.023 106.00113     2.049    -4.960               3.456
  4214.033      58.1     0.608     -0.45                                 LAWLER 
  4214.038     607.0     0.284    -1.441               7.650
  4214.044      24.1     7.331    -3.511
  4214.060 106.00112     2.049    -4.960               3.456
  4214.063      42.0     3.033    -1.520
  4214.092      25.0     4.794    -1.369
  4214.127     107.0     1.517    -4.643               3.450
  4214.129     107.0     1.261    -4.880               3.450
  4214.129 106.00113     2.684    -1.076               3.456
  4214.140 106.00112     2.667    -4.693               3.456
  4214.144      24.0     2.545    -3.513
  4214.186 106.00113     2.073    -4.369               3.456
  4214.189     607.0     0.513    -4.281               7.650
  4214.189     107.0     1.521    -4.697               3.450
  4214.192      24.0     2.545    -4.811
  4214.211      60.1     1.410     -0.16                                        
  4214.214     107.0     1.295    -4.877               3.450
  4214.232     607.0     0.513    -0.937               7.650
  4214.234     107.0     1.333    -4.857               3.450
  4214.253      69.1     4.469    -2.680
  4214.269     607.0     0.295    -4.871               7.650
  4214.282     607.0     0.513    -0.950               7.650
  4214.314 106.00113     0.897    -1.358               3.456
  4214.330     607.0     0.289    -3.841               7.650
  4214.346     607.0     0.289    -1.365               7.650
  4214.352      26.0     2.609    -3.7  
  4214.359 106.00113     0.897    -1.375               3.456
  4214.369     607.0     0.289    -1.402               7.650
  4214.378     107.0     1.232    -4.937               3.450
  4214.400      65.1     0.373    -0.710
  4214.409      66.0     0.938    -0.530
  4214.411      92.1     0.036    -2.044
  4214.439      44.0     1.692    -0.300
  4214.440      24.0     2.987    -4.152
  4214.455      28.1     9.388    -3.982
  4214.480      26.0     2.469    -4.014
  4214.502     607.0     0.498    -4.268               7.650
  4214.533 106.00113     1.862    -1.750               3.456
  4214.539     107.0     1.419    -4.770               3.450
  4214.543     607.0     0.498    -0.950               7.650
  4214.547     107.0     2.945    -2.666               3.450
  4214.567      26.1     7.539    -4.927
  4214.580     107.0     1.467    -4.707               3.450
  4214.593     607.0     0.498    -0.963               7.650
  4214.603      60.1     0.182     -1.38                                        
  4214.604      20.0     6.022    -3.902
  4214.609      21.0     2.001    -2.149
  4214.609      23.1     6.478    -2.411
  4214.611 106.00113     1.862    -1.670               3.456
  4214.614 106.00113     2.667    -4.693               3.456
  4214.615     107.0     1.375    -4.811               3.450
  4214.635     607.0     0.295    -3.876               7.650
  4214.636     107.0     1.521    -4.674               3.450
  4214.652     607.0     0.295    -1.332               7.650
  4214.653      28.0     3.841    -2.874
  4214.656      20.0     6.022    -3.467
  4214.672     607.0     0.295    -1.365               7.650
  4214.724      22.0     2.236    -2.272
  4214.727      41.0     0.130    -1.120
  4214.749     107.0     1.264    -4.932               3.450
  4214.785     607.0     0.483    -4.254               7.650
  4214.825     607.0     0.483    -0.963               7.650
  4214.829      90.0     0.615    -1.432
  4214.830      26.0     4.076    -2.2  
  4214.865      25.0     4.273    -2.622
  4214.873     607.0     0.483    -0.977               7.650
  4214.894     607.0     0.341    -4.940               7.650
  4214.905     607.0     0.302    -3.908               7.650
  4214.923     607.0     0.302    -1.301               7.650
  4214.944      70.1     6.586    -2.120
  4214.944     607.0     0.302    -1.332               7.650
  4214.972      23.1     6.522    -4.525
  4214.980     107.0     1.333    -4.827               3.450
  4215.022      64.1     0.427    -0.440
  4215.023     107.0     1.521    -4.643               3.450
  4215.037     607.0     0.469    -4.240               7.650
  4215.076     607.0     0.469    -0.977               7.650
  4215.098      26.1     9.830    -4.226
  4215.104     107.0     1.298    -4.908               3.450
  4215.122     607.0     0.469    -0.992               7.650
  4215.142     607.0     0.309    -3.938               7.650
  4215.157     107.0     1.419    -4.744               3.450
  4215.158      23.1     5.850    -2.943
  4215.160      76.0     1.747    -1.420
  4215.160      66.0     0.513     0.560
  4215.161     607.0     0.309    -1.272               7.650
  4215.174      21.0     4.684    -2.542
  4215.176 106.00113     1.862    -3.810               3.456
  4215.183 106.00113     3.179    -4.050               3.456
  4215.185     607.0     0.309    -1.301               7.650
  4215.200     107.0     1.467    -4.674               3.450
  4215.207     107.0     1.295    -4.830               3.450
  4215.226 106.00112     2.206    -4.573               3.456
  4215.238     607.0     0.360    -4.931               7.650
  4215.248     607.0     0.316    -4.798               7.650
  4215.259     607.0     0.455    -4.225               7.650
  4215.263 106.00112     2.055    -4.891               3.456
  4215.276     107.0     1.471    -4.732               3.450
  4215.293     107.0     1.375    -4.783               3.450
  4215.296     607.0     0.455    -0.992               7.650
  4215.298      24.0     4.618    -4.319
  4215.324      21.0     3.057    -3.651
  4215.341     607.0     0.455    -1.007               7.650
  4215.349      20.0     5.987    -2.999
  4215.349     607.0     0.316    -3.966               7.650
  4215.370     607.0     0.316    -1.244               7.650
  4215.377      74.0     2.422    -0.310
  4215.380 106.00112     0.458    -4.068               3.456
  4215.390      60.1     0.742     -1.84                                 LAWLER 
  4215.395     607.0     0.316    -1.272               7.650
  4215.404      26.1     7.604    -3.135
  4215.423    26.0       2.988    -1.756
  4215.449     607.0     0.441    -4.210               7.650
  4215.459      22.0     1.739    -4.599
  4215.460      26.0     2.759    -4.139
  4215.460 106.00113     2.086    -4.457               3.456
  4215.462      24.1     9.643    -2.216
  4215.464     107.0     2.945    -2.666               3.450
  4215.485     607.0     0.441    -1.007               7.650
  4215.502      22.0     2.175    -4.686
  4215.507 106.00112     1.862    -1.750               3.456
  4215.512 106.00112     1.862    -1.670               3.456
  4215.519      37.0     0.000    -1.883
  4215.524      38.1     0.000     -0.17                                 NISTAA 
  4215.527     607.0     0.324    -3.993               7.650
  4215.529     607.0     0.441    -1.022               7.650
  4215.531 106.00113     2.086    -4.314               3.456
  4215.544      25.1     7.760    -2.307
  4215.549     607.0     0.324    -1.219               7.650
  4215.555      23.0     2.684    -1.925
  4215.560 106.00112     1.862    -3.810               3.456
  4215.560      27.1     8.456    -3.807
  4215.575     607.0     0.324    -1.244               7.650
  4215.588 106.00112     2.050    -4.670               3.456
  4215.610     607.0     0.428    -4.194               7.650
  4215.645     607.0     0.428    -1.022               7.650
  4215.665 106.00113     0.458    -4.068               3.456
  4215.672     607.0     0.333    -4.018               7.650
  4215.687     607.0     0.428    -1.038               7.650
  4215.695     607.0     0.333    -1.195               7.650
  4215.711      70.1     7.166    -3.520
  4215.715      23.1     1.673    -4.109
  4215.724     607.0     0.333    -1.219               7.650
  4215.726      26.1     7.583    -4.540
  4215.735      24.0     3.369    -2.271
  4215.738      24.1     3.104    -3.168
  4215.740     607.0     0.416    -4.177               7.650
  4215.749     107.0     1.471    -4.707               3.450
  4215.772      24.1     8.308    -4.056
  4215.773     607.0     0.416    -1.038               7.650
  4215.788     607.0     0.341    -4.041               7.650
  4215.806     107.0     1.263    -4.880               3.450
  4215.812     607.0     0.341    -1.172               7.650
  4215.814     607.0     0.416    -1.055               7.650
  4215.814 106.00112     0.458    -4.068               3.456
  4215.834      25.0     4.268    -2.466
  4215.837 106.00112     1.381    -4.535               3.456
  4215.839     607.0     0.404    -4.160               7.650
  4215.843     607.0     0.341    -1.195               7.650
  4215.848      23.0     3.224    -4.598
  4215.849     107.0     1.419    -4.708               3.450
  4215.852     107.0     1.337    -4.857               3.450
  4215.852     107.0     1.298    -4.877               3.450
  4215.854     107.0     1.333    -4.785               3.450
  4215.860     607.0     0.302    -4.834               7.650
  4215.871     607.0     0.404    -1.055               7.650
  4215.874     607.0     0.351    -4.063               7.650
  4215.899     607.0     0.351    -1.150               7.650
  4215.907     607.0     0.392    -4.143               7.650
  4215.911     607.0     0.404    -1.073               7.650
  4215.914      26.0     4.446    -4.003
  4215.927     607.0     0.360    -4.085               7.650
  4215.930     607.0     0.351    -1.172               7.650
  4215.938     607.0     0.392    -1.073               7.650
  4215.945     607.0     0.381    -4.124               7.650
  4215.951     607.0     0.371    -4.105               7.650
  4215.953     107.0     1.423    -4.770               3.450
  4215.954     607.0     0.360    -1.129               7.650
  4215.963 106.00112     2.055    -4.541               3.456
  4215.968      26.0     2.692    -2.771
  4215.975     607.0     0.381    -1.091               7.650
  4215.975     607.0     0.392    -1.091               7.650
  4215.980     607.0     0.371    -1.110               7.650
  4215.988     607.0     0.360    -1.150               7.650
  4216.010     607.0     0.381    -1.110               7.650
  4216.015     607.0     0.371    -1.129               7.650
  4216.029      26.0     4.103    -2.686
  4216.057      11.0     2.104    -2.350
  4216.068     107.0     1.375    -4.745               3.450
  4216.075 106.00113     1.381    -4.535               3.456
  4216.083      21.0     1.985    -0.599
  4216.099 106.00113     0.458    -4.068               3.456
  4216.104 106.00112     2.723    -2.141               3.456
  4216.113      56.1     6.119     -1.21                                        
  4216.128     107.0     1.378    -4.811               3.450
  4216.139      26.0     4.154    -2.856
  4216.147      26.0     4.593    -2.105
  4216.184    26.0       0.000    -3.356
  4216.191 106.00112     2.063    -4.686               3.456
  4216.258     107.0     1.470    -4.674               3.450
  4216.273      22.0     2.396    -3.809
  4216.275 106.00112     0.837    -4.129               3.456
  4216.276 106.00113     2.206    -4.573               3.456
  4216.321      20.0     6.023    -3.766
  4216.328 106.00112     2.723    -2.130               3.456
  4216.342      23.0     0.287    -4.541
  4216.358      24.0     3.013    -0.804
  4216.364      23.0     0.275    -2.915
  4216.383 106.00113     2.723    -2.141               3.456
  4216.392 106.00112     0.838    -5.0                 3.456
  4216.412      70.1     5.921    -2.000
  4216.433 106.00112     0.839    -5.0                 3.456
  4216.475      26.0     4.313    -5.0  
  4216.493      69.1     2.964    -2.280
  4216.500 106.00113     0.837    -4.129               3.456
  4216.504     107.0     1.423    -4.744               3.450
  4216.508 106.00112     0.839    -3.560               3.456
  4216.562     107.0     1.337    -4.827               3.450
  4216.597 106.00113     0.839    -3.560               3.456
  4216.604      26.0     4.191    -1.4  
  4216.614 106.00113     2.723    -2.130               3.456
  4216.680 106.00112     2.063    -4.443               3.456
  4216.696 106.00112     2.688    -1.076               3.456
  4216.702      70.1     4.287    -1.730
  4216.704      22.0     2.250    -3.925
  4216.715     607.0     0.351    -4.917               7.650
  4216.718     107.0     1.378    -4.783               3.450
  4216.757 106.00113     2.119    -3.963               3.456
  4216.786      26.0     4.435    -5.0  
  4216.797     107.0     1.298    -4.830               3.450
  4216.807      26.0     4.371    -5.0  
  4216.835 106.00112     2.688    -3.946               3.456
  4216.910 106.00112     0.838    -4.129               3.456
  4216.964      24.0     4.411    -4.232
  4217.038 106.00113     0.838    -1.390               3.456
  4217.053     107.0     1.423    -4.708               3.450
  4217.056      24.1     3.105    -3.378
  4217.079      22.0     2.249    -1.972
  4217.080 106.00112     2.688    -1.086               3.456
  4217.082      23.0     2.578    -3.821
  4217.134 106.00113     0.839    -1.372               3.456
  4217.135 106.00113     0.838    -4.129               3.456
  4217.178      27.1     5.046    -4.658
  4217.186      25.0     4.713    -2.310
  4217.187      64.1     0.662    -0.390
  4217.194 106.00112     0.410    -1.356               3.456
  4217.196 106.00113     2.102    -4.273               3.456
  4217.212 106.00113     2.101    -4.387               3.456
  4217.225      90.1     0.765    -1.859
  4217.239      22.0     3.108    -1.198
  4217.264 106.00112     1.382    -4.535               3.456
  4217.266      44.0     0.811    -0.920
  4217.267 106.00112     0.410    -1.334               3.456
  4217.270      60.1     0.380     -1.27                                 LAWLER 
  4217.285      21.0     4.191    -2.775
  4217.312 106.00112     2.073    -4.552               3.456
  4217.316     107.0     1.336    -4.785               3.450
  4217.323      22.1     2.061    -3.761
  4217.333 106.00112     0.410    -3.481               3.456
  4217.368     607.0     0.324    -4.766               7.650
  4217.386 106.00113     0.955    -2.338               3.456
  4217.401     107.0     1.378    -4.745               3.450
  4217.449     607.0     0.371    -4.908               7.650
  4217.458 106.00113     0.410    -3.481               3.456
  4217.488      23.0     2.582    -1.790
  4217.500 106.00113     0.955    -4.584               3.456
  4217.502 106.00113     1.382    -4.535               3.456
  4217.515      24.1     6.641    -3.981
  4217.532      26.1     9.757    -4.628
  4217.534 106.00112     2.049    -4.960               3.456
  4217.543      57.1     1.945      0.01                                        
  4217.546    26.0       3.428    -0.484
  4217.587      58.1     1.057     -0.12                                BIEMONT 
  4217.591 106.00112     2.281    -4.573               3.456
  4217.592     607.0     0.309    -4.799               7.650
  4217.608      24.0     3.011    -1.430
  4217.611      23.1     6.534    -4.678
  4217.636      69.1     4.110    -2.230
  4217.652      23.0     3.245    -3.198
  4217.675      23.0     1.218    -3.899
  4217.701 106.00112     2.073    -4.369               3.456
  4217.748      21.0     2.109    -1.502
  4217.755      77.0     1.997    -1.690
  4217.775      28.0     3.542    -3.154
  4217.798      39.0     1.304     -0.35                                        
  4217.818      24.0     2.967    -4.844
  4217.824 106.00113     0.410    -1.356               3.456
  4217.829 106.00113     2.688    -3.946               3.456
  4217.842 106.00113     2.282    -2.550               3.456
  4217.907      24.0     3.980    -2.216
  4217.923      69.1     4.235    -2.740
  4217.934 106.00113     2.282    -2.537               3.456
  4217.945      41.0     0.086    -1.100
  4217.952 106.00113     0.410    -1.334               3.456
  4217.963      23.0     2.581    -0.815
  4217.975      28.0     3.847    -2.851
  4217.984      24.0     3.698    -4.506
  4218.006      27.0     2.542    -3.681
  4218.021      24.0     4.175    -4.248
  4218.030 106.00113     3.179    -0.939               3.456
  4218.056      23.0     1.849    -3.352
  4218.070      24.0     4.532    -1.342
  4218.089      23.1     6.466    -2.732
  4218.097      66.0     0.513     0.680
  4218.143 106.00113     3.179    -0.948               3.456
  4218.162 106.00112     0.840    -1.8                 3.456
  4218.171      22.1     1.116    -4.404
  4218.183     607.0     1.420    -4.899               7.650
  4218.186      90.1     1.454    -1.178
  4218.205      26.0     2.433    -3.889
  4218.222      69.1     3.295    -2.890
  4218.226      21.0     1.986    -0.618
  4218.237 106.00112     0.840    -3.560               3.456
  4218.242 106.00112     0.840    -1.390               3.456
  4218.268      24.0     3.668    -3.674
  4218.290 106.00112     0.955    -2.338               3.456
  4218.326 106.00113     0.840    -3.560               3.456
  4218.349      26.1     7.971    -4.087
  4218.359      24.0     3.966    -1.918
  4218.39       26.0     3.5      -2.4
  4218.380      25.1     6.913    -1.986
  4218.388      21.0     1.987    -2.140
  4218.392 106.00112     0.955    -4.584               3.456
  4218.400      69.1     3.744    -2.610
  4218.419      25.0     4.726    -1.561
  4218.429      40.0     0.632     -1.21                                        
  4218.483      23.0     1.950    -1.181
  4218.542      90.1     1.311    -1.319
  4218.542      60.1     1.456     -0.27                                        
  4218.552      74.0     2.267    -0.770
  4218.564      70.1     4.652    -0.520
  4218.579      23.1     6.101    -4.449
  4218.580      66.1     0.928    -1.580
  4218.632      62.0     0.498    -0.255
  4218.638      23.0     2.278    -3.434
  4218.652      70.1     6.127    -3.610
  4218.669      24.0     3.435    -2.969
  4218.669     607.0     1.177    -4.971               7.650
  4218.682     607.0     0.360    -4.895               7.650
  4218.693 106.00112     2.086    -4.457               3.456
  4218.698      70.0     3.069     0.317
  4218.702      23.0     0.301    -2.130
  4218.705      23.0     1.711    -1.412
  4218.710 106.00112     0.411    -1.334               3.456
  4218.734 106.00113     2.281    -4.573               3.456
  4218.746 106.00112     0.411    -1.356               3.456
  4218.757 106.00113     2.055    -4.515               3.456
  4218.760      70.1     5.510    -3.410
  4218.768      69.1     4.459    -2.210
  4218.776 106.00112     0.411    -3.481               3.456
  4218.837      24.0     4.613    -2.881
  4218.848 106.00112     2.282    -2.550               3.456
  4218.864 106.00113     0.840    -1.372               3.456
  4218.869      25.0     4.273    -3.874
  4218.888 106.00113     0.840    -1.390               3.456
  4218.901 106.00113     0.411    -3.481               3.456
  4218.903      69.1     3.824    -1.880
  4218.918      22.0     2.738    -3.238
  4218.942      26.0     4.435    -2.514
  4218.977      26.1     7.562    -4.856
  4218.996      23.0     2.575    -3.110
  4219.018      42.0     3.739    -0.935
  4219.020 106.00112     2.282    -2.537               3.456
  4219.022 106.00112     2.086    -4.314               3.456
  4219.032      24.0     3.092    -2.628
  4219.105      24.0     3.668    -4.208
  4219.112      26.0     3.368    -5.0  
  4219.174      23.0     1.931    -4.510
  4219.195 106.00113     2.120    -4.246               3.456
  4219.204      24.0     4.533    -1.456
  4219.230      60.1     0.380     -2.29                                 LAWLER 
  4219.286 106.00113     2.120    -4.335               3.456
  4219.306     607.0     1.295    -4.632               7.650
  4219.307      62.0     0.036    -1.409
  4219.348      28.0     3.543    -3.820
  4219.360    26.0       3.571     0.000
  4219.375      74.0     0.771    -1.800
  4219.376 106.00113     0.411    -1.356               3.456
  4219.392      42.0     2.291    -1.854
  4219.396 106.00113     0.411    -1.334               3.456
  4219.414    26.0       2.988    -1.896
  4219.447     607.0     0.316    -4.767               7.650
  4219.469      25.0     4.360    -4.288
  4219.471      24.0     2.987    -3.006
  4219.491      23.0     0.287    -2.625
  4219.497      69.1     2.971    -2.320
  4219.558 106.00112     2.119    -3.963               3.456
  4219.560      60.1     0.380     -1.60                                 LAWLER 
  4219.574 106.00112     3.383    -3.250               3.456
  4219.591      26.0     3.547    -2.719
  4219.606      22.1     4.895    -1.730
  4219.609      24.0     3.011    -2.730
  4219.622     607.0     1.420    -4.891               7.650
  4219.630     607.0     0.333    -4.736               7.650
  4219.644      70.1     3.017    -3.870
  4219.663      21.0     2.010    -2.137
  4219.676 106.00112     3.383    -3.259               3.456
  4219.704      21.0     1.985    -1.019
  4219.723      26.0     3.654    -4.118
  4219.761     607.0     0.381    -4.887               7.650
  4219.816      26.1     9.941    -4.519
  4219.847 106.00113     2.688    -1.076               3.456
  4219.882      25.0     4.685    -2.489
  4219.929 106.00113     2.441    -3.994               3.456
  4219.952      21.0     2.111    -2.625
  4219.952      26.0     4.415    -5.0  
  4219.963      92.0     0.530    -0.726
  4219.982      42.0     3.212    -1.678
  4219.996      25.0     5.112    -3.307
  4220.035      20.0     4.769    -3.173
  4220.049      26.0     3.928    -1.790
  4220.060 106.00113     2.688    -1.086               3.456
  4220.065      90.0     0.690    -1.067
  4220.071      20.1     7.515    -1.910
  4220.073      23.1     1.675    -2.670
  4220.090      65.1     0.772    -0.870
  4220.094      69.1     3.797    -0.970
  4220.127      24.0     3.422    -3.387
  4220.148      62.1     0.434    -1.170
  4220.250      60.1     0.320     -0.80                                 LAWLER 
  4220.260      70.1     6.570    -3.570
  4220.267      27.0     2.874    -2.073
  4220.294     607.0     1.177    -4.965               7.650
  4220.333      28.0     3.841    -3.845
  4220.342    26.0       3.069    -1.311
  4220.360 106.00112     2.101    -4.387               3.456
  4220.376      69.1     4.162    -1.490
  4220.392      22.0     3.128    -3.200
  4220.435      27.0     3.409    -3.184
  4220.443      24.0     2.967    -1.767
  4220.526      21.0     4.191    -1.771
  4220.543 106.00112     2.441    -1.482               3.456
  4220.550      62.1     0.040    -2.290
  4220.583      69.1     3.592    -2.750
  4220.609      25.0     4.194    -0.780
  4220.628      39.0     1.852      0.28                                        
  4220.631      40.0     0.622     -1.72                                        
  4220.643 106.00112     2.441    -3.994               3.456
  4220.652 106.00112     2.102    -4.273               3.456
  4220.660      62.1     0.544    -0.440
  4220.679 106.00112     1.333    -4.528               3.456
  4220.681      44.0     1.734    -0.450
  4220.690      62.1     0.185    -2.290
  4220.706     607.0     1.295    -4.626               7.650
  4220.716 106.00112     2.441    -1.468               3.456
  4220.739      20.0     5.991    -4.872
  4220.760     607.0     0.371    -4.875               7.650
  4220.800      77.0     3.269    -0.850
  4220.869 106.00113     2.441    -1.482               3.456
  4220.875 106.00113     1.333    -4.528               3.456
  4220.925 106.00112     2.781    -1.066               3.456
  4220.980 106.00112     2.781    -1.076               3.456
  4220.987      68.0     0.863     0.048
  4221.033      23.0     2.583    -0.803
  4221.060 106.00112     2.781    -3.946               3.456
  4221.072 106.00113     2.441    -1.468               3.456
  4221.073      27.0     3.812    -1.297
  4221.074      75.0     1.436    -0.800
  4221.110      66.0     0.513     0.760
  4221.130      60.1     0.559     -1.01                                 LAWLER 
  4221.132      69.1     4.480    -2.930
  4221.169      58.1     0.875     -0.99                                        
  4221.197      25.0     3.378    -3.482
  4221.221      69.1     4.003    -3.490
  4221.254 106.00112     2.283    -4.573               3.456
  4221.256 106.00112     0.096    -3.825               3.456
  4221.279      27.0     3.568    -2.405
  4221.283      69.1     3.824    -2.190
  4221.288      23.1     6.109    -3.970
  4221.290 106.00113     2.165    -3.994               3.456
  4221.315 106.00112     0.784    -1.8                 3.456
  4221.327 106.00112     2.726    -2.130               3.456
  4221.361 106.00113     2.055    -2.336               3.456
  4221.368 106.00112     0.784    -1.8                 3.456
  4221.377      24.0     4.096    -2.744
  4221.393      26.0     4.446    -2.362
  4221.396      26.1     6.138    -3.389
  4221.427 106.00113     3.383    -3.250               3.456
  4221.429 106.00113     2.055    -2.319               3.456
  4221.436 106.00113     3.383    -3.259               3.456
  4221.437     607.0     0.324    -4.737               7.650
  4221.438 106.00112     0.784    -3.555               3.456
  4221.447 106.00112     2.727    -2.141               3.456
  4221.513 106.00113     0.784    -3.555               3.456
  4221.545 106.00113     2.140    -4.232               3.456
  4221.555      24.0     3.079    -4.988
  4221.561 106.00113     0.096    -3.825               3.456
  4221.567      24.0     3.850    -0.353
  4221.605 106.00112     0.096    -3.825               3.456
  4221.614 106.00113     2.726    -2.130               3.456
  4221.682      28.0     3.306    -2.100
  4221.703 106.00113     2.140    -4.300               3.456
  4221.717      70.1     5.073    -3.330
  4221.722      26.1     6.138    -4.022
  4221.727 106.00113     2.727    -2.141               3.456
  4221.789      28.0     3.841    -2.674
  4221.801      20.0     4.680    -4.676
  4221.811      22.0     1.997    -4.807
  4221.825      25.0     4.685    -1.069
  4221.826      26.1     9.941    -4.156
  4221.852      21.0     1.986    -1.030
  4221.859      62.1     0.659    -1.800
  4221.910 106.00113     0.096    -3.825               3.456
  4221.910 106.00113     0.784    -1.407               3.456
  4221.918      20.0     6.027    -4.570
  4221.935      24.0     2.987    -3.025
  4221.949      69.1     2.766    -1.230
  4221.957 106.00112     1.334    -4.528               3.456
  4221.996      24.1     5.662    -2.247
  4222.015 106.00113     0.784    -1.387               3.456
  4222.019 106.00113     2.165    -1.297               3.456
  4222.029     607.0     0.341    -4.708               7.650
  4222.034      66.1     0.538    -1.679
  4222.050      74.0     1.868    -0.860
  4222.052      70.1     6.586    -2.190
  4222.130 106.00113     2.165    -1.280               3.456
  4222.137 106.00113     2.781    -3.946               3.456
  4222.148      25.1     5.993    -3.806
  4222.153 106.00113     1.334    -4.528               3.456
  4222.180 106.00113     2.055    -4.723               3.456
  4222.193     607.0     0.392    -4.866               7.650
  4222.199      23.0     2.138    -1.947
  4222.203      69.1     4.096    -3.410
  4222.210      66.0     1.142     0.320
  4222.213    26.0       2.448    -0.967
  4222.246      27.0     3.105    -2.239
  4222.250     107.0     2.816    -2.949               3.450
  4222.262 106.00112     2.055    -4.515               3.456
  4222.276      22.0     1.460    -3.351
  4222.295 106.00113     2.285    -2.537               3.456
  4222.301 106.00113     2.055    -4.805               3.456
  4222.319      23.1     6.522    -4.574
  4222.324 106.00112     2.055    -2.336               3.456
  4222.338      23.0     1.931    -1.353
  4222.338 106.00112     2.120    -4.335               3.456
  4222.345      26.0     2.588    -4.640
  4222.363      28.1     9.473    -4.256
  4222.368      92.0     0.471    -0.086
  4222.381      40.1     1.207     -0.90                                        
  4222.383 106.00112     2.055    -4.805               3.456
  4222.399 106.00113     2.283    -4.573               3.456
  4222.409      42.0     2.291    -1.797
  4222.440      23.0     2.286    -4.009
  4222.456      20.0     4.681    -2.808
  4222.460      23.1     6.100    -3.880
  4222.472 106.00112     2.055    -2.319               3.456
  4222.479      27.0     3.632    -3.763
  4222.495 106.00113     2.285    -2.550               3.456
  4222.572 106.00112     2.165    -1.297               3.456
  4222.574      23.0     2.332    -1.669
  4222.597      58.1     0.122     -0.15                                 LAWLER 
  4222.602      23.1     5.795    -3.622
  4222.606 106.00112     2.120    -4.246               3.456
  4222.620      20.0     4.624    -1.364
  4222.627 106.00112     2.165    -3.914               3.456
  4222.661 106.00112     2.165    -3.994               3.456
  4222.670      69.0     1.088    -0.470
  4222.674      41.0     1.157    -1.390
  4222.711      23.0     3.239    -4.728
  4222.716 106.00112     2.165    -1.280               3.456
  4222.727      24.0     3.013    -0.980
  4222.733      22.0     2.267    -4.405
  4222.829      24.0     4.440    -3.547
  4222.861 106.00113     2.165    -3.914               3.456
  4222.876     107.0     2.816    -2.949               3.450
  4222.929 106.00112     0.786    -1.387               3.456
  4222.934      59.1     0.055     0.018
  4222.960      42.0     3.198    -1.173
  4222.972      23.0     2.316    -0.996
  4222.981     607.0     0.381    -4.855               7.650
  4222.986 106.00112     0.785    -1.407               3.456
  4222.998 106.00112     0.786    -3.555               3.456
  4223.017      64.1     1.527    -0.799
  4223.040      22.0     2.318    -3.038
  4223.073 106.00113     0.786    -3.555               3.456
  4223.096 106.00112     3.471    -4.169               3.456
  4223.097      71.1     3.646    -1.790
  4223.184      25.1     5.548    -4.054
  4223.189      20.0     4.780    -3.988
  4223.200      60.1     0.380     -1.27                                 LAWLER 
  4223.207 106.00113     2.444    -3.994               3.456
  4223.210 106.00113     2.063    -4.327               3.456
  4223.234      26.0     2.453    -4.244
  4223.237      69.1     3.379    -2.330
  4223.243      25.1     5.836    -4.519
  4223.257      24.0     4.855    -0.556
  4223.264      69.1     4.235    -1.040
  4223.321      26.1     7.517    -4.406
  4223.340      26.0     4.301    -2.195
  4223.384 106.00112     2.285    -2.537               3.456
  4223.392 106.00112     3.471    -4.160               3.456
  4223.421      70.1     7.133    -3.780
  4223.452      24.0     3.013    -1.999
  4223.454      70.1     5.613    -3.300
  4223.483 106.00112     0.359    -1.377               3.456
  4223.503 106.00112     2.285    -2.550               3.456
  4223.516      27.1     5.175    -3.592
  4223.555     607.0     0.333    -4.709               7.650
  4223.576 106.00112     0.359    -1.353               3.456
  4223.576 106.00113     0.786    -1.387               3.456
  4223.582 106.00113     0.785    -1.407               3.456
  4223.614      25.1     5.373    -4.518
  4223.628 106.00113     2.438    -4.805               3.456
  4223.633 106.00112     0.359    -3.419               3.456
  4223.641      69.1     3.804    -2.600
  4223.707      62.1     0.333    -1.270
  4223.729      26.0     2.949    -3.040
  4223.744 106.00113     0.359    -3.419               3.456
  4223.757      26.1     7.568    -4.420
  4223.760 106.00113     2.588    -2.966               3.456
  4223.773      27.0     2.958    -2.510
  4223.775      28.1     8.447    -2.185
  4223.780      28.0     3.847    -1.803
  4223.881      58.1     0.529     -0.92                                 LAWLER 
  4223.890 106.00113     2.588    -2.977               3.456
  4223.917      42.0     2.916    -1.952
  4223.922 106.00112     2.444    -3.994               3.456
  4223.935      21.0     3.057    -4.213
  4223.996 106.00112     2.444    -1.468               3.456
  4224.015      69.1     4.324    -2.100
  4224.019      20.0     6.028    -3.047
  4224.028 106.00113     2.167    -3.994               3.456
  4224.036      20.0     4.763    -2.310
  4224.055      69.1     2.508    -3.520
  4224.062 106.00113     0.359    -1.377               3.456
  4224.078      24.0     3.375    -2.807
  4224.085 106.00112     2.444    -1.482               3.456
  4224.087      24.1     3.858    -3.475
  4224.094      23.1     6.101    -3.434
  4224.103      23.0     3.239    -3.635
  4224.130      23.0     1.950    -0.508
  4224.137 106.00113     2.781    -1.076               3.456
  4224.172    26.0       3.366    -0.506
  4224.192      70.1     4.964    -1.810
  4224.208 106.00113     0.359    -1.353               3.456
  4224.223      42.0     1.335    -3.595
  4224.237      20.0     5.994    -2.592
  4224.240      62.1     0.434    -1.810
  4224.241      90.1     0.189    -2.127
  4224.262 106.00113     2.781    -1.066               3.456
  4224.262      64.0     0.927    -0.431
  4224.264      40.1     0.758     -1.88                                Ljung06 
  4224.269 106.00113     2.163    -4.234               3.456
  4224.274 106.00112     3.278    -0.931               3.456
  4224.293      26.0     4.103    -2.977
  4224.297      26.0     4.283    -1.990
  4224.299      40.1     0.757     -1.40                                        
  4224.324      25.0     4.726    -1.610
  4224.353 106.00113     2.444    -1.468               3.456
  4224.385 106.00112     3.278    -0.940               3.456
  4224.390      22.0     1.981    -4.875
  4224.399 106.00112     3.278    -4.050               3.456
  4224.411 106.00113     2.444    -1.482               3.456
  4224.418      69.1     3.884    -1.860
  4224.428      23.1     2.900    -4.073
  4224.464      27.0     2.877    -3.108
  4224.495 106.00113     2.163    -4.280               3.456
  4224.511      24.0     4.613    -1.015
  4224.513    26.0       3.428    -1.040
  4224.515      24.0     3.087    -0.790
  4224.521      23.1     1.686    -2.650
  4224.521      27.1     5.046    -4.735
  4224.535     607.0     0.351    -4.682               7.650
  4224.560      58.1     1.140     -0.87                                        
  4224.587      23.0     2.295    -2.350
  4224.627      26.0     2.759    -3.263
  4224.651 106.00112     2.140    -4.300               3.456
  4224.656      26.0     4.446    -4.349
  4224.658 106.00113     2.058    -2.319               3.456
  4224.674 106.00112     2.359    -4.573               3.456
  4224.753      42.0     2.836    -2.013
  4224.753      74.0     2.967    -0.080
  4224.757     607.0     0.404    -4.846               7.650
  4224.784      22.0     2.778    -0.059
  4224.801 106.00113     2.438    -1.903               3.456
  4224.817 106.00113     2.058    -2.336               3.456
  4224.822      27.0     3.409    -3.288
  4224.824      27.1     8.599    -1.938
  4224.840      60.1     0.630     -0.90                                 LAWLER 
  4224.856 106.00112     0.360    -1.353               3.456
  4224.860      24.1     5.330    -1.254
  4224.863 106.00112     0.360    -1.377               3.456
  4224.869 106.00113     2.167    -1.280               3.456
  4224.879 106.00112     2.588    -2.966               3.456
  4224.888 106.00112     0.805    -4.126               3.456
  4224.902 106.00112     2.140    -4.232               3.456
  4224.913 106.00112     0.360    -3.419               3.456
  4224.923      42.0     3.187    -1.774
  4224.940      23.1     1.679    -3.373
  4224.940 106.00112     2.588    -2.977               3.456
  4224.961      26.0     4.143    -3.895
  4224.963 106.00113     2.167    -1.297               3.456
  4224.965 106.00113     2.438    -1.890               3.456
  4225.001 106.00112     2.438    -1.903               3.456
  4225.003      25.0     3.373    -4.906
  4225.024 106.00113     0.360    -3.419               3.456
  4225.031      28.0     3.833    -3.042
  4225.032      64.0     0.213    -0.832
  4225.074      25.0     4.194    -2.260
  4225.079      23.0     1.853    -3.490
  4225.079 106.00113     0.805    -4.126               3.456
  4225.082      24.0     4.416    -4.344
  4225.083 106.00112     2.438    -4.805               3.456
  4225.101 106.00112     2.438    -4.805               3.456
  4225.103      44.0     2.510    -0.160
  4225.104     107.0     2.708    -2.999               3.450
  4225.137      64.1     0.600    -0.970
  4225.158      66.0     0.874     0.890
  4225.183 106.00112     2.438    -1.890               3.456
  4225.213      23.1     2.026    -1.463
  4225.248      42.0     2.916    -1.985
  4225.255      20.0     4.430    -2.818
  4225.317      59.1     0.000     0.028
  4225.320      62.1     0.188    -0.620
  4225.331     607.0     0.392    -4.836               7.650
  4225.347      25.0     4.332    -3.968
  4225.354      62.1     0.000    -1.132
  4225.401 106.00112     2.167    -3.994               3.456
  4225.406      23.1     3.753    -4.004
  4225.411 106.00112     0.806    -4.126               3.456
  4225.442 106.00113     0.360    -1.377               3.456
  4225.452 106.00112     0.431    -3.890               3.456
  4225.454    26.0       3.414    -0.510
  4225.456 106.00112     2.167    -1.280               3.456
  4225.463      22.0     2.408    -3.398
  4225.488 106.00113     0.360    -1.353               3.456
  4225.508      23.1     4.776    -1.566
  4225.517 106.00112     2.167    -1.297               3.456
