  4597.339 106.00113     1.954    -4.492               3.456
  4597.345 106.00113     1.090    -4.511               3.456
  4597.350 106.00113     1.954    -2.516               3.456
  4597.364     607.0     0.506    -4.782               7.650
  4597.370     607.0     0.689    -4.498               7.650
  4597.374     607.0     0.539    -3.871               7.650
  4597.382      26.0     4.559    -1.50
  4597.392     607.0     0.539    -4.670               7.650
  4597.403     107.0     3.179    -2.746               3.450
  4597.407      58.1     3.855    -1.720
  4597.447      27.1     8.775    -2.812
  4597.448      26.0     4.638    -3.294
  4597.481     107.0     3.179    -2.746               3.450
  4597.600      26.0     2.692    -4.30
  4597.646      28.0     3.399    -4.218
  4597.682      27.0     4.058    -1.816
  4597.707     607.0     0.529    -4.204               7.650
  4597.748      26.0     4.608    -1.20
  4597.763     607.0     0.843    -1.993               7.650
  4597.765      58.1     1.626    -2.070
  4597.766      28.1     9.049    -3.378
  4597.790      25.1     5.567    -4.262
  4597.798      26.0     4.584    -3.072
  4597.802      23.0     2.723    -3.126
  4597.833     607.0     0.842    -2.004               7.650
  4597.840 106.00113     0.951    -4.293               3.456
  4597.849      24.0     4.440    -2.966
  4597.851     607.0     0.503    -3.453               7.650
  4597.856     607.0     0.503    -3.754               7.650
  4597.861 106.00113     3.137    -4.090               3.456
  4597.872      26.0     4.435    -1.186
  4597.879      42.0     3.734    -0.675
  4597.910      64.1     0.602    -0.830
  4597.916     607.0     0.820    -4.749               7.650
  4597.917      69.1     3.618    -3.990
  4597.917     607.0     1.418    -3.830               7.650
  4597.919      23.1     6.295    -4.355
  4597.927 106.00113     1.520    -2.663               3.456
  4597.939      26.1     5.571    -4.391
  4597.966      70.1     4.652    -2.060
  4597.989      58.1     0.587    -2.960
  4597.998     607.0     0.524    -4.385               7.650
  4598.011      69.1     3.580    -2.690
  4598.016 106.00113     1.520    -2.648               3.456
  4598.038     607.0     0.614    -3.829               7.650
  4598.039      25.1     7.382    -3.676
  4598.050     607.0     0.710    -4.060               7.650
  4598.112     607.0     1.620    -4.037               7.650
  4598.117      26.0     3.283    -1.50
  4598.118      68.0     0.890    -0.478
  4598.124 106.00113     3.548    -4.930               3.456
  4598.141      21.0     2.296    -2.534
  4598.143 106.00112     3.548    -2.022               3.456
  4598.163      22.0     2.495    -1.910
  4598.186      26.0     3.252    -5.099
  4598.189      70.1     4.882    -2.560
  4598.197     607.0     0.520    -4.648               7.650
  4598.210     607.0     0.520    -4.030               7.650
  4598.219 106.00113     0.951    -2.100               3.456
  4598.225      42.0     3.455    -0.854
  4598.249     607.0     1.485    -4.376               7.650
  4598.274      62.0     0.185    -1.343
  4598.284 106.00112     3.652    -2.030               3.456
  4598.301     607.0     0.508    -4.668               7.650
  4598.306 106.00113     0.951    -2.079               3.456
  4598.307     607.0     0.508    -4.909               7.650
  4598.324      26.0     0.958    -5.70
  4598.325 106.00112     3.548    -4.930               3.456
  4598.333     607.0     0.558    -3.962               7.650
  4598.335      28.0     3.597    -2.801
  4598.339 106.00112     3.652    -2.039               3.456
  4598.350      62.1     0.333    -1.00
  4598.355      70.1     3.965    -0.980
  4598.367      26.0     3.943    -2.70
  4598.425     607.0     0.652    -4.835               7.650
  4598.432      24.0     3.113    -1.40
  4598.454 106.00112     1.954    -4.492               3.456
  4598.454      21.0     1.851    -0.897
  4598.487      23.1     3.328    -3.951
  4598.494      26.1     7.804    -1.536
  4598.505      24.0     5.072    -0.992
  4598.511      21.0     4.432    -1.441
  4598.538 106.00112     3.464    -4.095               3.456
  4598.561 106.00112     3.548    -2.013               3.456
  4598.599     607.0     0.825    -2.004               7.650
  4598.600      24.0     3.890    -2.630
  4598.610     607.0     0.582    -3.925               7.650
  4598.616 106.00113     2.743    -4.090               3.456
  4598.638     607.0     0.582    -4.427               7.650
  4598.650 106.00113     3.140    -4.215               3.456
  4598.667     607.0     0.825    -2.016               7.650
  4598.684 106.00113     0.951    -4.281               3.456
  4598.716 106.00113     3.463    -4.014               3.456
  4598.720      28.1     4.032    -4.000
  4598.727      26.0     4.584    -3.407
  4598.740      26.0     3.654    -2.60
  4598.760 106.00112     3.464    -1.188               3.456
  4598.762    18.1      18.657    -1.070
  4598.803      72.0     0.000    -1.490
  4598.809      69.1     3.247    -2.110
  4598.817 106.00112     3.114    -4.095               3.456
  4598.870 106.00113     2.909    -1.219               3.456
  4598.883 106.00112     3.464    -1.197               3.456
  4598.897      64.0     0.881     0.198
  4598.953      28.1     8.758    -4.404
  4598.959      25.0     4.685    -3.484
  4598.969      22.0     2.333    -2.40
  4598.978 106.00113     3.198    -4.930               3.456
  4598.982 106.00112     3.114    -0.961               3.456
  4598.999      24.0     3.092    -2.10
  4599.016 106.00113     3.652    -2.039               3.456
  4599.017      69.0     0.000    -1.780
  4599.030      58.1     0.740    -1.380
  4599.033 106.00113     3.652    -2.030               3.456
  4599.093      44.0     1.321    -0.820
  4599.133 106.00112     3.114    -0.972               3.456
  4599.135 106.00112     3.198    -2.133               3.456
  4599.156      42.0     2.523    -1.415
  4599.175 106.00112     1.872    -2.515               3.456
  4599.220      26.0     3.10     -3.45
  4599.215 106.00113     3.464    -4.095               3.456
  4599.232 106.00112     1.872    -2.529               3.456
  4599.252     607.0     0.524    -4.641               7.650
  4599.254      24.0     3.092    -2.413
  4599.256     607.0     0.689    -4.489               7.650
  4599.265      58.1     1.254    -1.660
  4599.266     607.0     0.524    -3.972               7.650
  4599.291      23.0     1.869    -3.577
  4599.292     607.0     0.545    -3.828               7.650
  4599.298 106.00112     3.114    -4.095               3.456
  4599.298 106.00112     3.198    -4.930               3.456
  4599.312     607.0     0.545    -4.667               7.650
  4599.348 106.00113     3.114    -0.961               3.456
  4599.349      24.0     4.402    -1.366
  4599.362      58.1     0.417    -3.000
  4599.378 106.00113     2.909    -1.230               3.456
  4599.379     607.0     0.510    -4.593               7.650
  4599.387     607.0     0.510    -4.758               7.650
  4599.391     607.0     0.808    -2.016               7.650
  4599.435 106.00113     3.114    -0.972               3.456
  4599.447      26.0     4.584    -9.99
  4599.459     607.0     0.808    -2.028               7.650
  4599.461 106.00112     3.198    -2.122               3.456
  4599.465      41.0     1.170    -1.710
  4599.466     607.0     0.504    -3.754               7.650
  4599.468     607.0     0.504    -3.453               7.650
  4599.484 106.00112     1.090    -9.99                3.456
  4599.497 106.00113     3.377    -1.076               3.456
  4599.605      58.1     1.194    -1.530
  4599.628 106.00112     1.090    -4.511               3.456
  4599.649 106.00112     2.741    -4.693               3.456
  4599.666 106.00112     1.090    -9.99                3.456
  4599.677      26.0     4.473    -4.262
  4599.680      69.1     4.254    -1.750
  4599.693      26.1     7.773    -4.671
  4599.704      22.0     2.506    -4.253
  4599.717    56.0       1.567    -0.890
  4599.753      58.1     3.391    -1.970
  4599.798     607.0     0.566    -3.933               7.650
  4599.810     607.0     1.710    -4.867               7.650
  4599.825      26.0     4.580    -5.117
  4599.841      26.0     4.313    -1.00
  4599.857      22.0     2.472    -3.454
  4599.909      24.1     8.554    -4.865
  4599.945 106.00113     3.377    -1.086               3.456
  4599.960      74.0     3.070     0.310
  4600.017      27.0     4.064    -3.454
  4600.019 106.00113     3.373    -2.332               3.456
  4600.026      25.0     4.679    -1.929
  4600.068 106.00112     3.382    -4.693               3.456
  4600.069      20.0     4.763    -1.845
  4600.096      24.0     2.544    -1.10
  4600.131     607.0     1.485    -4.371               7.650
  4600.139     607.0     0.792    -2.028               7.650
  4600.161     607.0     0.545    -4.198               7.650
  4600.166      23.1     2.265    -1.40
  4600.174 106.00113     1.872    -2.529               3.456
  4600.189 106.00113     3.374    -2.342               3.456
  4600.195 106.00112     3.462    -4.014               3.456
  4600.196     607.0     0.528    -4.324               7.650
  4600.205     607.0     0.792    -2.040               7.650
  4600.205     607.0     0.505    -4.152               7.650
  4600.206      41.0     1.550    -0.730
  4600.209     607.0     0.505    -3.198               7.650
  4600.210      27.1     8.702    -3.172
  4600.210     607.0     0.505    -3.453               7.650
  4600.246 106.00113     0.837    -2.482               3.456
  4600.267      22.1     1.243    -4.00
  4600.278 106.00113     1.872    -2.515               3.456
  4600.287      70.1     5.910    -2.400
  4600.295 106.00113     2.743    -1.162               3.456
  4600.299      27.0     4.113    -3.689
  4600.326 106.00112     3.463    -0.820               3.456
  4600.341 106.00112     3.462    -0.829               3.456
  4600.355      28.0     3.597    -0.610
  4600.364      23.1     6.101    -3.606
  4600.409 106.00113     2.743    -1.175               3.456
  4600.428      74.0     2.267    -1.130
  4600.443 106.00112     2.909    -1.219               3.456
  4600.445 106.00113     0.837    -2.437               3.456
  4600.455     607.0     0.710    -4.047               7.650
  4600.463      69.1     4.355    -3.070
  4600.472 106.00112     3.463    -4.014               3.456
  4600.475     607.0     0.528    -4.636               7.650
  4600.490     607.0     0.529    -3.920               7.650
  4600.551 106.00113     0.837    -4.151               3.456
  4600.595      22.0     2.334    -2.00
  4600.595      26.0     4.652    -3.206
  4600.609     607.0     0.614    -3.817               7.650
  4600.634     607.0     0.513    -4.540               7.650
  4600.643     607.0     0.513    -4.638               7.650
  4600.646 106.00112     2.743    -4.090               3.456
  4600.675     607.0     0.591    -3.898               7.650
  4600.704     607.0     0.591    -4.433               7.650
  4600.718      58.1     4.044    -3.760
  4600.745 106.00112     2.909    -4.014               3.456
  4600.748      24.0     1.004    -1.10
  4600.752 106.00112     2.743    -1.162               3.456
  4600.786 106.00113     3.140    -1.102               3.456
  4600.787      26.0     4.584    -2.740
  4600.791      24.0     2.967    -2.354
  4600.799     607.0     0.664    -4.844               7.650
  4600.807 106.00113     3.548    -2.022               3.456
  4600.843     607.0     0.776    -2.040               7.650
  4600.875 106.00112     3.377    -1.076               3.456
  4600.894 106.00112     2.743    -1.175               3.456
  4600.902     607.0     0.506    -4.344               7.650
  4600.907     607.0     0.506    -3.043               7.650
  4600.908     607.0     0.506    -3.198               7.650
  4600.908     607.0     0.776    -2.053               7.650
  4600.915 106.00112     2.909    -1.230               3.456
  4600.934    26.0       3.234    -2.60
  4600.938      24.1     9.971    -4.159
  4600.942      58.1     0.701    -2.120
  4600.970 106.00113     3.140    -1.114               3.456
  4600.980    17.0       9.282    -1.570
  4601.000 106.00112     2.743    -4.090               3.456
  4601.010 106.00113     3.467    -2.383               3.456
  4601.014      27.1     8.456    -4.376
  4601.016      24.0     2.545    -1.210
  4601.031 106.00112     0.951    -2.100               3.456
  4601.055      64.1     0.556    -0.810
  4601.061 106.00112     0.951    -4.281               3.456
  4601.112 106.00112     0.951    -4.293               3.456
  4601.128      92.1     0.113    -2.260
  4601.134      24.0     3.122    -1.70
  4601.141 106.00112     0.951    -2.079               3.456
  4601.156      27.0     4.021    -2.649
  4601.171 106.00112     3.377    -4.123               3.456
  4601.189     607.0     1.710    -4.862               7.650
  4601.194 106.00113     3.467    -2.392               3.456
  4601.216     607.0     0.593    -4.846               7.650
  4601.229      69.1     4.480    -2.750
  4601.243      69.1     3.435    -3.500
  4601.257      14.0     5.082    -2.60
  4601.262     607.0     1.691    -3.757               7.650
  4601.287      69.1     1.111    -2.580
  4601.300 106.00113     3.300    -4.215               3.456
  4601.305 106.00112     1.522    -2.648               3.456
  4601.307      26.0     3.301    -4.127
  4601.315 106.00112     3.377    -1.086               3.456
  4601.339      26.0     4.076    -3.436
  4601.341     607.0     0.551    -3.788               7.650
  4601.363     607.0     0.551    -4.667               7.650
  4601.374      58.1     1.320    -0.800
  4601.378      26.1     2.891    -5.00
  4601.398      28.0     4.088    -1.80
  4601.404 106.00113     3.548    -2.013               3.456
  4601.406     607.0     0.574    -3.907               7.650
  4601.423      73.0     1.972    -1.200
  4601.480     7.1      18.466    -0.452
  4601.487 106.00113     2.909    -4.014               3.456
  4601.505     607.0     0.760    -2.053               7.650
  4601.510      21.1     4.878    -0.923
  4601.548      58.1     0.956    -2.380
  4601.550      66.0     0.938    -2.280
  4601.556     607.0     0.508    -4.474               7.650
  4601.563     607.0     0.508    -2.930               7.650
  4601.565     607.0     0.508    -3.043               7.650
  4601.566     607.0     0.760    -2.066               7.650
  4601.570      22.0     2.175    -2.30
  4601.595      24.1     8.363    -4.430
  4601.624 106.00113     3.462    -0.829               3.456
  4601.637 106.00112     1.523    -2.663               3.456
  4601.720 106.00113     3.463    -0.820               3.456
  4601.726 106.00112     3.140    -4.215               3.456
  4601.730      23.1     5.475    -4.111
  4601.764      44.0     1.419    -1.700
  4601.806      58.1     1.404    -1.820
  4601.835     607.0     0.534    -4.634               7.650
  4601.852     607.0     0.534    -3.872               7.650
  4601.861      24.0     3.892    -4.138
  4601.868 106.00112     3.140    -1.102               3.456
  4601.877      24.0     4.446    -1.068
  4601.888      58.1     3.630    -1.600
  4601.934 106.00113     3.114    -4.095               3.456
  4601.938      24.1     3.747    -3.914
  4601.953      40.1     2.432    -1.300
  4601.958      20.0     5.049    -4.428
  4601.972 106.00112     3.463    -2.324               3.456
  4601.978 106.00112     3.462    -2.333               3.456
  4602.001    26.0       1.607    -3.00
  4602.020     607.0     0.516    -4.501               7.650
  4602.029      62.0     0.282    -1.648
  4602.031     607.0     0.516    -4.540               7.650
  4602.037      57.0     0.998    -0.740
  4602.037 106.00112     3.140    -1.114               3.456
  4602.054 106.00113     2.743    -4.693               3.456
  4602.066      68.0     2.117     0.637
  4602.076      25.0     4.713    -3.384
  4602.088 106.00113     2.743    -4.090               3.456
  4602.121     607.0     0.745    -2.066               7.650
  4602.142      58.1     3.195    -1.990
  4602.146      58.1     1.079    -2.250
  4602.165     607.0     0.510    -4.574               7.650
  4602.170     107.0     3.175    -2.779               3.450
  4602.173     607.0     0.510    -2.841               7.650
  4602.175     607.0     0.510    -2.930               7.650
  4602.179 106.00112     3.140    -4.090               3.456
  4602.181     607.0     0.745    -2.080               7.650
  4602.196      73.0     1.203    -1.770
  4602.207 106.00112     3.300    -1.355               3.456
  4602.216     107.0     3.175    -2.779               3.450
  4602.224      60.1     0.471    -1.790
  4602.294 106.00113     1.522    -2.648               3.456
  4602.296      69.1     4.723    -2.230
  4602.298      24.1     8.348    -2.557
  4602.298 106.00113     3.464    -1.197               3.456
  4602.343      21.0     3.057    -2.686
  4602.353      27.1     8.634    -3.708
  4602.381 106.00113     3.201    -2.122               3.456
  4602.395 106.00113     3.464    -1.188               3.456
  4602.398 106.00112     3.300    -4.215               3.456
  4602.465 106.00113     1.523    -2.663               3.456
  4602.472 106.00113     3.382    -4.693               3.456
  4602.507      24.0     3.449    -1.671
  4602.524      58.1     0.857    -1.400
  4602.532     607.0     0.534    -4.268               7.650
  4602.565      40.0     1.875     0.350
  4602.573 106.00112     3.300    -1.345               3.456
  4602.622      63.0     1.994    -0.430
  4602.645 106.00113     3.202    -2.133               3.456
  4602.695     607.0     0.731    -2.080               7.650
  4602.734     607.0     0.513    -4.654               7.650
  4602.743     607.0     0.513    -2.768               7.650
  4602.747     607.0     0.513    -2.841               7.650
  4602.753     607.0     0.731    -2.094               7.650
  4602.804     107.0     3.163    -2.830               3.450
  4602.826      25.1     7.760    -4.082
  4602.828     107.0     3.163    -2.830               3.450
  4602.839     607.0     0.600    -3.873               7.650
  4602.855      41.0     0.620    -2.010
  4602.862 106.00113     2.031    -4.492               3.456
  4602.870     607.0     0.600    -4.440               7.650
  4602.886      90.1     0.868    -1.663
  4602.890     3.0       1.848    -1.308
  4602.898      22.1     5.423    -3.590
  4602.899      24.0     4.402    -4.267
  4602.907      58.1     1.404    -2.630
  4602.933      64.0     0.124    -0.812
  4602.941    26.0       1.484    -2.220
  4602.956      22.0     2.506    -4.007
  4602.966      23.0     1.873    -1.056
  4602.986     607.0     1.691    -3.749               7.650
  4602.995 106.00113     2.601    -1.388               3.456
  4603.004      23.1     3.803    -3.257
  4603.008 106.00113     3.377    -4.123               3.456
  4603.041      22.0     1.997    -4.640
  4603.052      23.1     6.101    -3.440
  4603.101     607.0     0.545    -4.190               7.650
  4603.107 106.00113     1.860    -4.675               3.456
  4603.107 106.00113     3.140    -4.090               3.456
  4603.110      62.1     1.493    -0.709
  4603.135      24.0     4.613    -2.986
  4603.148     607.0     0.582    -3.881               7.650
  4603.170      24.0     3.011    -4.734
  4603.180 106.00113     2.601    -1.375               3.456
  4603.186      25.0     4.606    -2.365
  4603.224     607.0     0.717    -2.094               7.650
  4603.228     8.1      26.249    -2.336
  4603.230      24.1     5.662    -4.867
  4603.257      69.1     3.283    -2.550
  4603.257     607.0     0.516    -4.722               7.650
  4603.264     607.0     0.677    -4.852               7.650
  4603.268     607.0     0.516    -2.705               7.650
  4603.275 106.00112     0.837    -2.482               3.456
  4603.277     607.0     0.516    -2.768               7.650
  4603.280     607.0     0.717    -2.108               7.650
  4603.294 106.00112     0.837    -4.151               3.456
  4603.319 106.00113     3.137    -4.215               3.456
  4603.334 106.00113     3.300    -1.355               3.456
  4603.342      26.0     2.845    -3.40
  4603.357     607.0     0.539    -4.634               7.650
  4603.360 106.00113     1.872    -4.750               3.456
  4603.376     607.0     0.539    -3.829               7.650
  4603.387      58.1     1.520    -1.370
  4603.415 106.00112     3.137    -1.375               3.456
  4603.427     607.0     0.593    -4.840               7.650
  4603.440 106.00112     1.875    -2.515               3.456
  4603.466 106.00113     1.914    -4.573               3.456
  4603.471      24.0     4.447    -2.796
  4603.498 106.00112     3.467    -2.383               3.456
  4603.506      24.1     7.991    -4.193
  4603.521     607.0     0.558    -3.751               7.650
  4603.532     607.0     0.632    -3.817               7.650
  4603.534 106.00112     0.837    -2.437               3.456
  4603.544     607.0     0.558    -4.668               7.650
  4603.548     607.0     0.520    -4.473               7.650
  4603.561     607.0     0.520    -4.456               7.650
  4603.564      42.0     3.393    -1.525
  4603.589 106.00112     3.137    -4.215               3.456
  4603.599 106.00112     3.467    -2.392               3.456
  4603.607     607.0     0.731    -4.050               7.650
  4603.649      69.1     4.660    -2.230
  4603.659      92.1     0.285    -1.686
  4603.709     607.0     0.703    -2.108               7.650
  4603.740     607.0     0.520    -4.780               7.650
  4603.743 106.00112     3.137    -1.365               3.456
  4603.752     607.0     0.520    -2.650               7.650
  4603.760     607.0     0.520    -2.705               7.650
  4603.764     607.0     0.703    -2.123               7.650
  4603.773 106.00112     1.875    -2.529               3.456
  4603.809      60.0     0.626     0.060
  4603.811 106.00113     3.300    -1.345               3.456
  4603.820      23.0     0.275    -4.581
  4603.879 106.00113     2.111    -2.228               3.456
  4603.850      26.0     4.50     -1.90
  4603.915      22.0     3.285    -3.250
  4603.917      21.0     2.001    -2.676
  4603.922      23.0     2.767    -2.231
  4603.949      26.0     2.990    -3.15
  4603.957      69.1     4.443    -3.020
  4603.966 106.00113     3.551    -4.930               3.456
  4603.996 106.00113     2.111    -3.142               3.456
  4604.019 106.00112     2.031    -4.492               3.456
  4604.100      24.1     6.605    -4.869
  4604.121      24.0     3.422    -4.547
  4604.150     607.0     0.690    -2.123               7.650
  4604.163     607.0     0.524    -4.832               7.650
  4604.167 106.00112     3.551    -4.930               3.456
  4604.170      62.1     0.040    -1.20
  4604.174      26.0     4.559    -4.099
  4604.177     607.0     0.524    -2.601               7.650
  4604.201     607.0     0.524    -2.650               7.650
  4604.203     607.0     0.690    -2.139               7.650
  4604.206     607.0     1.798    -4.309               7.650
  4604.226      58.1     1.027    -1.570
  4604.226      24.0     2.915    -4.529
  4604.244      26.0     2.832    -4.00
  4604.299      73.0     2.781    -0.750
  4604.312      23.0     2.575    -2.442
  4604.334      20.0     4.624    -3.054
  4604.344      27.0     4.058    -3.754
  4604.405 106.00112     3.551    -2.013               3.456
  4604.416 106.00112     1.860    -4.675               3.456
  4604.437 106.00112     2.743    -4.693               3.456
  4604.447      40.0     0.519    -1.380
  4604.460      24.1     8.350    -1.649
  4604.465      24.0     4.855    -2.200
  4604.477      77.0     4.349    -0.210
  4604.517 106.00112     3.551    -2.022               3.456
  4604.523      26.0     4.593    -3.473
  4604.545 106.00113     1.875    -2.515               3.456
  4604.548     607.0     0.677    -2.139               7.650
  4604.553 106.00113     2.111    -4.369               3.456
  4604.557     607.0     0.528    -4.878               7.650
  4604.557      26.0     4.473    -1.193
  4604.573     607.0     0.529    -2.558               7.650
  4604.585 106.00113     2.300    -1.621               3.456
  4604.594     607.0     0.528    -2.601               7.650
  4604.596      26.0     4.733    -3.159
  4604.599     607.0     0.677    -2.155               7.650
  4604.607      74.1     2.857    -0.920
  4604.626 106.00112     2.601    -1.388               3.456
  4604.632 106.00113     3.462    -4.014               3.456
  4604.639      24.0     3.322    -3.003
  4604.670     607.0     1.566    -3.490               7.650
  4604.673      24.0     3.845    -2.971
  4604.676 106.00112     1.914    -4.573               3.456
  4604.704      23.1     3.973    -3.455
  4604.717 106.00113     2.300    -1.604               3.456
  4604.717 106.00113     1.875    -2.529               3.456
  4604.723      21.0     2.303    -0.247
  4604.732 106.00112     2.601    -4.095               3.456
  4604.734 106.00113     2.601    -4.095               3.456
  4604.778      28.0     4.236    -2.50
  4604.793      39.0     1.901    -0.200
  4604.816      23.0     2.878    -1.674
  4604.838 106.00112     1.872    -4.750               3.456
  4604.850      73.0     2.967    -0.280
  4604.850      26.0     3.634    -3.10
  4604.850      69.0     2.201    -0.650
  4604.850 106.00113     1.873    -4.60                3.456
  4604.859 106.00112     2.601    -1.375               3.456
  4604.861      24.1     5.662    -2.672
  4604.892     607.0     0.715    -4.489               7.650
  4604.895 106.00112     3.384    -4.693               3.456
  4604.897      23.1     6.713    -3.765
  4604.902     607.0     0.664    -2.155               7.650
  4604.906     607.0     0.534    -4.919               7.650
  4604.923     607.0     0.534    -2.518               7.650
  4604.924      58.1     1.676    -1.820
  4604.945     607.0     0.534    -2.558               7.650
  4604.951     607.0     0.664    -2.172               7.650
  4604.978      56.0     1.120    -1.610
  4604.982      28.0     3.480    -0.250
  4604.982     607.0     0.539    -4.217               7.650
  4605.005      26.0     4.218    -3.463
  4605.012      24.0     3.889    -2.739
  4605.016     607.0     0.545    -4.636               7.650
  4605.031      76.0     2.010    -1.840
  4605.036     607.0     0.545    -3.789               7.650
  4605.047     607.0     0.591    -3.857               7.650
  4605.082 106.00112     3.201    -2.122               3.456
  4605.086 106.00113     3.202    -4.930               3.456
  4605.095      26.0     2.858    -3.60
  4605.101      25.0     3.772    -3.898
  4605.118      58.1     1.339    -2.970
  4605.122      25.0     4.666    -3.538
  4605.126      58.1     1.365    -1.890
  4605.150      92.1     0.718    -1.664
  4605.154     607.0     0.609    -3.849               7.650
  4605.158 106.00113     3.137    -1.375               3.456
  4605.178      58.1     3.328    -2.190
  4605.186     607.0     0.609    -4.447               7.650
  4605.205     607.0     0.539    -4.957               7.650
  4605.211     607.0     0.652    -2.172               7.650
  4605.224     607.0     0.539    -2.482               7.650
  4605.228      22.0     2.480    -2.579
  4605.230      69.0     2.184    -1.350
  4605.243 106.00112     3.202    -2.133               3.456
  4605.251     607.0     0.539    -2.518               7.650
  4605.259     607.0     0.652    -2.189               7.650
  4605.260      22.0     2.154    -2.525
  4605.277     607.0     0.524    -4.452               7.650
  4605.291     607.0     0.524    -4.383               7.650
  4605.311      27.0     2.787    -4.250
  4605.345      23.1     2.268    -1.30
  4605.370      25.0     4.726    -9.99    
  4605.370      26.1     7.869    -0.20
  4605.389      71.0     2.337     0.010
  4605.406 106.00112     3.202    -4.930               3.456 
  4605.455      26.0     4.30     -2.00
  4605.473     607.0     0.545    -4.992               7.650
  4605.477     607.0     0.641    -2.189               7.650
  4605.484      58.1     1.155    -1.190
  4605.493     607.0     0.545    -2.448               7.650
  4605.517     607.0     0.545    -2.482               7.650
  4605.522     607.0     0.641    -2.207               7.650
  4605.545     607.0     0.848    -4.741               7.650
  4605.573      64.1     1.134    -2.130
  4605.580 106.00112     2.111    -2.228               3.456
  4605.588      26.0     4.320    -1.15
  4605.627 106.00113     1.862    -4.675               3.456
  4605.637 106.00112     2.111    -4.369               3.456
  4605.640 106.00113     3.137    -1.365               3.456
  4605.674      44.0     1.866    -1.450
  4605.697      75.0     1.763    -2.080
  4605.697 106.00113     3.467    -4.014               3.456
  4605.699     607.0     0.630    -2.207               7.650
  4605.705 106.00113     2.300    -3.994               3.456
  4605.712     607.0     0.551    -2.417               7.650
  4605.738     607.0     0.551    -2.448               7.650
  4605.741     607.0     0.630    -2.226               7.650
  4605.746 106.00112     2.111    -3.142               3.456
  4605.775      57.1     0.709    -1.180
  4605.776     607.0     0.561    -4.184               7.650
  4605.778      72.1     1.497    -1.890
  4605.810      69.1     4.706    -3.860
  4605.813     607.0     1.798    -4.302               7.650
  4605.831     607.0     1.447    -3.828               7.650
  4605.834      24.0     3.323    -1.30
  4605.852 106.00113     3.667    -4.202               3.456
  4605.871     607.0     0.566    -3.716               7.650
  4605.876     607.0     0.619    -2.226               7.650
  4605.878     607.0     0.690    -4.860               7.650
  4605.886     607.0     0.558    -2.388               7.650
  4605.896     607.0     0.566    -4.671               7.650
  4605.914     607.0     0.558    -2.417               7.650
  4605.918     607.0     0.619    -2.246               7.650
  4605.937      26.0     3.252    -4.50
  4605.943      27.0     2.871    -3.932
  4605.977      27.0     3.105    -4.761
  4605.982      26.0     3.642    -5.018
  4605.996     607.0     0.731    -4.037               7.650
  4606.008     607.0     0.609    -2.246               7.650
  4606.016     607.0     0.566    -2.361               7.650
  4606.046     607.0     0.566    -2.388               7.650
  4606.049     607.0     0.609    -2.266               7.650
  4606.050      58.1     1.406    -1.690
  4606.062      64.0     1.949     0.379
  4606.068     607.0     0.632    -3.805               7.650
  4606.083      23.0     1.955    -1.840
  4606.099     607.0     0.600    -2.266               7.650
  4606.103     607.0     0.574    -2.335               7.650
  4606.121 106.00113     3.303    -4.215               3.456
  4606.135     607.0     0.574    -2.361               7.650
  4606.136     607.0     0.516    -4.974               7.650
  4606.136     607.0     0.600    -2.288               7.650
  4606.143     607.0     0.591    -2.288               7.650
  4606.145     607.0     0.582    -2.311               7.650
  4606.147      23.0     0.017    -1.880
  4606.179     607.0     0.582    -2.335               7.650
  4606.181     607.0     0.591    -2.311               7.650
  4606.189 106.00113     0.777    -4.887               3.456
  4606.201      26.0     4.638    -3.000
  4606.208 106.00113     2.112    -3.142               3.456
  4606.219      28.0     3.597    -1.000
  4606.229      26.0     3.634    -4.945
  4606.234 106.00112     2.300    -1.621               3.456
  4606.242      58.1     0.960    -2.680
  4606.251      23.0     2.895    -2.165
  4606.266 106.00113     2.112    -2.228               3.456
  4606.291      25.1     7.757    -4.309
  4606.304 106.00112     2.300    -3.994               3.456
  4606.304      24.0     4.411    -2.815
  4606.306      26.0     4.733    -2.979
  4606.319     607.0     1.566    -3.483               7.650
  4606.329 106.00112     1.873    -4.750               3.456
  4606.345      58.1     1.027    -1.940
  4606.377      24.0     4.449    -0.460
  4606.395      25.0     3.772    -4.729
  4606.400      58.1     0.910    -0.20
  4606.404      25.0     4.606    -3.169
  4606.410      27.0     4.149    -3.810
  4606.416      58.1     1.244    -2.590
  4606.416 106.00112     2.300    -1.604               3.456
  4606.423 106.00113     2.464    -2.672               3.456
  4606.448      59.1     0.550    -1.179
  4606.502      90.1     1.546    -1.542
  4606.510      62.1     0.000    -1.10
  4606.525      42.0     3.187    -2.037
  4606.576      23.1     2.221    -4.092
  4606.604      68.0     0.000    -0.506
  4606.612 106.00113     2.464    -2.655               3.456
  4606.614      23.0     1.849    -4.719
  4606.670      20.0     5.045    -4.623
  4606.749      24.0     3.122    -3.548
  4606.756      41.0     0.348    -0.15
  4606.764     607.0     0.715    -4.481               7.650
  4606.810     607.0     0.551    -4.639               7.650
  4606.832     607.0     0.551    -3.752               7.650
  4606.839      21.0     3.189    -1.561
  4606.855      69.1     4.469    -1.880
  4606.877      62.1     0.544    -1.20
  4606.936 106.00112     1.862    -4.675               3.456
  4606.941 106.00113     2.112    -4.369               3.456
  4606.958 106.00113     3.462    -2.333               3.456
  4607.006 106.00113     2.976    -1.481               3.456
  4607.073     607.0     0.600    -3.835               7.650
  4607.079      42.0     3.904    -1.042
  4607.086      26.0     3.415    -3.45
  4607.087      58.1     1.546    -1.270
  4607.137     607.0     0.528    -4.437               7.650
  4607.153     607.0     0.529    -4.319               7.650
  4607.160     7.1      18.462    -0.522
  4607.164      21.0     2.338    -3.663
  4607.168 106.00113     2.976    -1.468               3.456
  4607.168 106.00113     1.916    -4.573               3.456
  4607.174      42.0     3.739    -1.310
  4607.188      58.1     0.635    -3.810
  4607.189 106.00113     3.551    -2.022               3.456
  4607.221 106.00112     3.303    -4.215               3.456
  4607.244      26.0     4.584    -4.929
  4607.255 106.00113     3.551    -2.013               3.456
  4607.259 106.00113     3.463    -2.324               3.456
  4607.268      27.0     4.149    -2.534
  4607.291      58.1     1.706    -1.150
  4607.298      58.1     0.470    -3.110
  4607.304 106.00113     3.384    -4.693               3.456
  4607.312 106.00112     3.467    -0.820               3.456
  4607.316 106.00112     1.795    -2.528               3.456
  4607.329 106.00112     2.803    -2.848               3.456
  4607.331      38.0     0.000      0.28                              NIST/AA   
  4607.369 106.00112     1.795    -2.543               3.456
  4607.377      60.1     0.559    -1.100
  4607.397 106.00112     3.303    -1.345               3.456
  4607.400     607.0     0.848    -4.732               7.650
  4607.459 106.00112     3.467    -4.014               3.456
  4607.471      27.0     4.049    -2.504
  4607.489      70.1     7.211    -2.130
  4607.508 106.00112     2.464    -2.672               3.456
  4607.509      24.0     4.106    -1.164
  4607.511      79.0     5.828     0.290
  4607.529      21.0     3.057    -4.082
  4607.554 106.00112     3.303    -1.355               3.456
  4607.566     607.0     0.545    -4.171               7.650
  4607.567 106.00112     2.803    -2.835               3.456
  4607.588      25.0     2.888    -2.317
  4607.610      22.0     2.495    -3.988
  4607.630     607.0     0.619    -3.826               7.650
  4607.633 106.00113     2.803    -2.848               3.456
  4607.637 106.00112     3.467    -4.014               3.456
  4607.645      26.0     3.984    -2.676
  4607.646      26.0     3.266    -1.30
  4607.650      22.0     2.506    -4.589
  4607.664     607.0     0.619    -4.455               7.650
  4607.692 106.00112     2.464    -2.655               3.456
  4607.743      24.0     3.013    -4.579
  4607.748      58.1     0.823    -2.070
  4607.784 106.00112     3.467    -0.829               3.456
  4607.786     607.0     1.447    -3.822               7.650
  4607.826 106.00113     2.034    -4.492               3.456
  4607.828 106.00112     3.667    -4.202               3.456
  4607.875      24.0     3.890    -3.952
  4607.876     607.0     1.655    -4.037               7.650
  4607.883      25.1     7.758    -3.950
  4607.895      69.1     3.764    -1.070
  4607.919      26.0     4.415    -4.183
  4607.938      39.1     4.133     0.000
  4607.950      58.1     0.721    -2.110
  4607.960 106.00112     2.112    -3.142               3.456
  4607.966 106.00113     2.803    -2.835               3.456
  4607.968 106.00112     2.112    -2.228               3.456
  4607.971     107.0     3.198    -2.643               3.450
  4607.990      27.0     4.064    -2.856
  4608.026 106.00112     2.112    -4.369               3.456
  4608.030      64.1     2.406    -0.236
  4608.069      69.1     4.563    -1.030
  4608.087     107.0     3.198    -2.643               3.450
  4608.092 106.00113     3.140    -4.215               3.456
  4608.096      72.0     0.815    -1.710
  4608.102      42.0     3.395    -1.402
  4608.115      45.0     1.733    -1.880
  4608.123      25.0     4.606    -3.082
  4608.127      70.1     6.127    -1.540
  4608.132 106.00113     2.604    -1.375               3.456
  4608.162 106.00113     1.795    -2.543               3.456
  4608.169      28.0     4.088    -9.99
  4608.261 106.00113     1.795    -2.528               3.456
  4608.276     607.0     0.574    -3.684               7.650
  4608.296      24.0     4.446    -2.441
  4608.302     607.0     0.574    -4.675               7.650
  4608.310 106.00113     2.302    -1.604               3.456
  4608.325     607.0     0.520    -4.922               7.650
  4608.327 106.00113     2.604    -1.388               3.456
  4608.361 106.00112     3.140    -4.215               3.456
  4608.362      58.1     2.876    -3.160
  4608.380 106.00112     1.916    -4.573               3.456
  4608.398      27.0     4.025    -2.456
  4608.420      27.1     8.562    -2.709
  4608.434 106.00112     1.442    -2.662               3.456
  4608.457 106.00113     2.302    -1.621               3.456
  4608.489      58.0     0.295    -0.288
  4608.495      27.1     8.599    -4.378
  4608.502 106.00112     1.441    -2.677               3.456
  4608.516 106.00112     3.140    -1.365               3.456
  4608.529      14.0     4.954    -4.410
  4608.545      22.0     2.495    -3.373
  4608.572      41.0     1.630    -1.260
  4608.584      64.0     0.066    -1.569
  4608.631     607.0     0.703    -4.868               7.650
  4608.638 106.00113     3.303    -1.345               3.456
  4608.656     607.0     0.561    -4.176               7.650
  4608.674 106.00112     3.140    -1.375               3.456
  4608.684 106.00113     3.303    -1.355               3.456
  4608.685      26.0     4.320    -4.253
  4608.695      42.0     2.499    -1.717
  4608.710 106.00113     3.467    -0.820               3.456
  4608.729      22.0     3.090    -3.677
  4608.750      58.1     1.412    -0.990
  4608.763      23.1     5.468    -4.656
  4608.763      28.1     8.973    -4.152
  4608.764     607.0     0.558    -4.644               7.650
  4608.769      58.1     1.149    -3.590
  4608.788     607.0     0.558    -3.717               7.650
  4608.822      58.1     2.250    -2.780
  4608.827 106.00113     2.976    -4.215               3.456
  4608.849     607.0     0.616    -4.837               7.650
  4608.871      23.0     2.578    -3.318
  4608.897      27.0     1.883    -3.10
  4608.962      24.0     5.080    -0.814
  4608.963 106.00112     3.467    -2.324               3.456
  4608.986      22.1     5.032    -2.550
  4608.986 106.00112     2.034    -4.492               3.456
  4609.046      28.1     8.758    -1.990
  4609.071 106.00113     3.467    -0.829               3.456
  4609.086      24.0     4.389    -3.293
  4609.113      69.1     3.884    -1.210
  4609.116 106.00112     0.777    -4.887               3.456
  4609.117     607.0     0.651    -3.805               7.650
  4609.139     607.0     0.534    -4.426               7.650
  4609.141      40.0     1.582    -1.150
  4609.156     607.0     0.534    -4.262               7.650
  4609.160      60.1     0.182    -2.300
  4609.163      69.1     2.508    -3.430
  4609.175 106.00113     1.441    -2.677               3.456
  4609.260      69.1     4.736    -3.840
  4609.264      22.1     1.180    -3.30
  4609.264 106.00113     1.442    -2.662               3.456
  4609.265     607.0     0.609    -3.813               7.650
  4609.267      40.0     0.651    -2.070
  4609.287     607.0     0.752    -4.040               7.650
  4609.338      58.1     2.004    -1.200
  4609.342      22.0     3.319    -0.50
  4609.347      27.1     7.909    -2.341
  4609.350      69.0     1.933    -1.350
  4609.371      90.1     1.548    -1.257
  4609.410     607.0     1.655    -4.032               7.650
  4609.426 106.00112     3.467    -2.333               3.456
  4609.467      26.1     9.905    -4.128
  4609.479      25.0     4.608    -3.283
  4609.511      21.0     1.865    -1.020
  4609.528      23.1     6.686    -4.091
  4609.555      70.1     7.393    -2.350
  4609.556      22.0     3.104    -1.20
  4609.567    18.1      18.454     0.304
  4609.579 106.00113     2.302    -3.994               3.456
  4609.588      70.1     6.556    -2.740
  4609.632      23.1     6.101    -3.483
  4609.641      23.0     1.376    -1.50
  4609.704     607.0     1.518    -4.370               7.650
  4609.715      25.0     4.608    -2.581
  4609.740 106.00112     2.976    -1.481               3.456
  4609.760      26.0     4.835    -4.454
  4609.776      58.1     1.694    -2.960
  4609.800 106.00113     2.466    -2.655               3.456
  4609.802      60.0     0.140    -0.420
  4609.815 106.00112     2.604    -1.375               3.456
  4609.834      40.0     0.604    -2.110
  4609.835      26.0     4.956    -2.983
  4609.859 106.00112     2.976    -4.215               3.456
  4609.861      92.1     0.036    -2.478
  4609.873      42.0     2.260    -0.628
  4609.881 106.00113     2.466    -2.672               3.456
  4609.895      24.0     4.447    -0.693
  4609.904      74.0     1.917    -0.850
  4609.905      28.0     4.088    -1.00
  4609.939      24.0     3.323    -2.911
  4609.955      21.0     2.303    -2.255
  4609.962 106.00112     2.604    -1.388               3.456
  4610.001      26.1     9.100    -3.733
  4610.007      24.0     4.106    -1.716
  4610.008      23.0     2.723    -4.550
  4610.013 106.00112     2.302    -1.604               3.456
  4610.019 106.00112     2.976    -1.468               3.456
  4610.068 106.00112     2.604    -4.095               3.456
  4610.070 106.00113     2.604    -4.095               3.456
  4610.081      24.0     4.402    -2.125
  4610.095      20.0     4.769    -1.942
  4610.102      40.0     0.543    -2.170
  4610.108 106.00112     2.302    -1.621               3.456
  4610.173      24.0     3.887    -4.343
  4610.178 106.00112     2.302    -3.994               3.456
  4610.185      26.0     4.30     -2.10
  4610.218     607.0     0.630    -3.805               7.650
  4610.253     607.0     0.630    -4.462               7.650
  4610.284     607.0     0.551    -4.129               7.650
  4610.313      58.1     1.296    -1.270
  4610.363      58.1     3.641    -1.400
  4610.395      69.1     4.481    -2.790
  4610.410      21.0     1.996    -1.698
  4610.416 106.00113     3.140    -1.365               3.456
  4610.421 106.00113     3.140    -1.375               3.456
  4610.463      58.0     0.000    -0.685
  4610.465      26.1     9.100    -4.628
  4610.480      62.1     0.659    -2.420
  4610.578      25.1     7.382    -2.366
  4610.594      26.1     5.571    -3.673
  4610.603      58.1     3.463    -2.720
  4610.631 106.00113     2.998    -1.207               3.456
  4610.667     607.0     0.524    -4.883               7.650
  4610.685      70.1     6.775    -2.760
  4610.691      41.0     1.354    -1.630
  4610.706 106.00113     2.998    -1.218               3.456
  4610.744     107.0     3.195    -2.730               3.450
  4610.784      24.0     3.888    -2.943
  4610.821     107.0     3.195    -2.730               3.450
  4610.823      42.0     3.359    -1.570
  4610.835      24.0     3.104    -2.790
  4610.842     607.0     0.582    -3.654               7.650
  4610.860     607.0     0.566    -4.649               7.650
  4610.867      28.1     9.638    -3.521
  4610.870      42.0     3.438    -1.464
  4610.870     607.0     0.582    -4.679               7.650
  4610.882 106.00112     2.466    -2.655               3.456
  4610.884     607.0     0.566    -3.685               7.650
  4610.901      58.1     2.885    -1.950
  4610.921      23.0     1.043    -1.90
  4610.967 106.00112     2.466    -2.672               3.456
  4611.027     607.0     0.616    -4.831               7.650
  4611.042      24.0     2.967    -2.240
  4611.047      64.0     1.949     0.377
  4611.062      26.0     3.301    -2.90
  4611.133      24.1     8.576    -4.882
  4611.159      42.0     2.276    -1.667
  4611.184      26.0     2.851    -2.850
  4611.210      25.0     4.685    -3.011
  4611.250      62.0     0.101    -1.000
  4611.258      24.0     4.618    -2.424
  4611.279      26.0     3.654    -0.587
  4611.292      26.0     3.654    -2.407
  4611.292     607.0     0.539    -4.420               7.650
  4611.293      24.0     3.011    -3.766
  4611.311     607.0     0.539    -4.210               7.650
  4611.319     607.0     1.723    -3.751               7.650
  4611.337      26.0     4.415    -3.169
  4611.348      26.0     0.915    -5.50
  4611.371 106.00112     2.805    -2.835               3.456
  4611.393 106.00112     1.798    -2.528               3.456
  4611.420      22.1     5.428    -3.346
  4611.423     607.0     1.518    -4.365               7.650
  4611.435      58.1     1.177    -2.650
  4611.437      25.0     4.608    -2.720
  4611.467      58.1     0.529    -2.400
  4611.503 106.00112     2.805    -2.848               3.456
  4611.539     607.0     0.717    -4.876               7.650
  4611.545      58.1     1.533    -2.600
  4611.546     607.0     0.578    -4.171               7.650
  4611.582     607.0     0.619    -3.792               7.650
  4611.632      22.0     2.236    -4.542
  4611.675     607.0     0.651    -3.794               7.650
  4611.687     607.0     0.752    -4.027               7.650
  4611.712 106.00112     1.798    -2.543               3.456
  4611.733      23.0     1.942    -0.70
  4611.771 106.00113     2.805    -2.835               3.456
  4611.782      69.1     3.804    -2.750
  4611.793      58.1     1.251    -1.610
  4611.807 106.00113     2.805    -2.848               3.456
  4611.818      25.0     5.133    -3.331
  4611.841 106.00113     2.979    -1.468               3.456
  4611.860      90.1     1.141    -1.546
  4611.949      58.1     1.319    -1.980
  4611.962      24.0     3.368    -1.20
  4611.969      27.0     3.971    -2.668
  4611.985      69.1     3.955    -1.300
  4611.988      24.1     8.354    -1.624
  4612.060      62.1     0.434    -2.570
  4612.080      59.1     0.000    -1.05
  4612.088 106.00113     3.467    -4.014               3.456
  4612.108      41.0     1.395    -1.410
  4612.118 106.00112     2.998    -4.014               3.456
  4612.127 106.00113     2.979    -1.481               3.456
  4612.139      24.0     4.099    -1.978
  4612.180      69.1     4.235    -2.080
  4612.246 106.00112     2.998    -1.207               3.456
  4612.259      66.0     0.000    -0.410
  4612.261      24.0     5.080    -2.231
  4612.283      26.1     6.807    -3.491
  4612.286 106.00112     2.998    -1.218               3.456
  4612.322      44.0     1.063    -2.510
  4612.339     607.0     1.749    -4.862               7.650
  4612.339 106.00113     1.798    -2.528               3.456
  4612.390      24.1     5.662    -3.932
  4612.397      27.0     3.971    -1.872
  4612.460      60.1     0.064    -1.60
  4612.505 106.00113     1.798    -2.543               3.456
  4612.507 106.00112     1.444    -2.662               3.456
  4612.530      69.1     4.096    -2.170
  4612.539      26.1     5.569    -4.00
  4612.587     607.0     0.740    -4.481               7.650
  4612.603      26.0     4.607    -2.05
  4612.616      23.0     1.893    -2.340
  4612.640      26.0     2.832    -4.20
  4612.721      24.0     3.889    -4.266
  4612.722      26.0     4.593    -2.843
  4612.812      27.0     4.072    -2.539
  4612.825 106.00112     1.444    -2.677               3.456
  4612.854      58.1     1.709    -1.520
  4612.922      20.0     5.049    -4.823
  4612.934      26.0     4.446    -2.30
  4612.940 106.00113     2.998    -4.014               3.456
  4612.942     607.0     0.641    -3.784               7.650
  4612.965      58.1     1.048    -1.060
  4612.979     607.0     0.641    -4.470               7.650
  4612.990      39.0     1.919    -0.640
  4613.033      58.1     0.875    -0.60
  4613.099      22.0     3.305    -2.004
  4613.107     607.0     0.574    -4.655               7.650
  4613.123     607.0     0.558    -4.089               7.650
  4613.134     607.0     0.574    -3.655               7.650
  4613.153     607.0     0.528    -4.854               7.650
  4613.194      69.1     3.255    -0.910
  4613.203      26.0     3.292    -1.50
  4613.233      26.0     4.435    -2.716
  4613.304      69.1     3.483    -2.860
  4613.308      74.0     0.771    -2.080
  4613.324     607.0     0.875    -4.734               7.650
  4613.340 106.00113     1.444    -2.662               3.456
  4613.342      67.0     1.039    -0.238
  4613.357      24.0     0.961    -1.50
  4613.385      57.1     0.709    -0.750
  4613.425      69.1     4.723    -2.800
  4613.469      26.0     4.313    -3.489
  4613.487      69.1     3.484    -3.850
  4613.499 106.00113     1.444    -2.677               3.456
  4613.504      62.1     0.333    -1.605
  4613.511      24.0     3.122    -2.00
  4613.528      58.1     1.327    -1.650
  4613.566     607.0     0.591    -3.626               7.650
  4613.595     607.0     0.591    -4.685               7.650
  4613.602     607.0     0.545    -4.416               7.650
  4613.622     607.0     0.545    -4.163               7.650
  4613.625      24.1     8.355    -2.648
  4613.657      26.0     4.593    -3.315
  4613.706      26.0     4.608    -2.00
  4613.746     607.0     1.749    -4.857               7.650
  4613.764      26.0     4.733    -3.370
  4613.783      21.0     1.440    -3.869
  4613.830      66.0     2.172     0.467
  4613.849      26.1     9.576    -2.288
  4613.870     7.1      18.466    -0.692
  4613.908      23.0     2.581    -2.229
  4613.909      26.0     4.638    -1.40
  4613.946      40.1     0.972    -1.540
  4613.951 106.00113     2.979    -4.215               3.456
  4613.962      26.0     4.607    -2.884
  4613.965      69.0     2.201    -0.570
  4613.976      23.0     2.581    -4.216
  4614.006      27.0     3.971    -2.00
  4614.017      58.1     1.930    -2.240
  4614.056      24.0     3.435    -2.585
  4614.061      58.1     3.466    -2.810
  4614.062     607.0     0.630    -3.773               7.650
  4614.089      28.1     8.767    -4.230
  4614.107      22.0     2.231    -1.70
  4614.124      24.0     3.013    -3.033
  4614.130      23.0     2.743    -3.142
  4614.141      69.1     3.936    -1.730
  4614.205      26.0     3.301    -2.60
  4614.211      27.1     8.712    -4.179
  4614.218      58.1     0.875    -3.340
  4614.266 106.00113     3.467    -2.324               3.456
  4614.272      22.0     2.408    -1.505
  4614.334      21.0     2.338    -4.148
  4614.335      22.0     2.480    -3.023
  4614.345      22.1     5.428    -4.725
  4614.349      69.1     3.764    -1.390
  4614.368     607.0     0.578    -4.163               7.650
  4614.381      26.0     4.593    -2.877
  4614.419 106.00113     2.818    -4.090               3.456
  4614.421 106.00113     3.467    -2.333               3.456
  4614.438     607.0     0.740    -4.473               7.650
  4614.466      69.1     2.734    -0.463
  4614.497      64.0     0.841     0.257
  4614.511      24.0     3.850    -0.790
  4614.519 106.00113     3.471    -1.067               3.456
  4614.551      26.1     7.693    -2.941
  4614.572     607.0     0.731    -4.885               7.650
  4614.581      28.0     3.597    -2.20
  4614.596 106.00113     3.471    -1.076               3.456
  4614.632      25.0     4.726    -3.075
  4614.679      75.0     2.149    -1.640
  4614.690      69.0     2.338    -1.740
  4614.698 106.00112     2.979    -1.468               3.456
  4614.714      24.0     5.081    -4.241
  4614.714     607.0     1.596    -3.483               7.650
  4614.731      24.0     3.369    -1.30
  4614.739      58.1     4.067    -0.440
  4614.742      42.0     3.399    -1.332
  4614.813      23.0     2.678    -4.108
  4614.820      66.0     2.171     0.470
  4614.837      27.1     8.736    -3.187
  4614.845      74.0     2.422    -1.130
  4614.867 106.00112     2.979    -1.481               3.456
  4614.888      24.1     5.670    -4.633
  4614.911      24.1     7.386    -3.941
  4614.941      58.1     1.274    -2.720
  4614.972      24.0     4.159    -1.882
  4614.978      24.1     8.356    -3.578
  4614.980      58.1     1.042    -2.370
  4614.986 106.00112     2.979    -4.215               3.456
  4614.989      24.0     3.013    -4.511
  4615.063      57.0     0.897    -1.020
  4615.066      26.0     4.608    -4.414
  4615.089     607.0     0.670    -3.794               7.650
  4615.133      22.0     1.969    -4.236
  4615.168     607.0     0.875    -4.725               7.650
  4615.185      58.0     0.000    -0.582
  4615.194      20.0     5.045    -4.508
  4615.204      26.0     4.593    -3.10
  4615.218 106.00113     3.672    -4.202               3.456
  4615.272     607.0     0.773    -4.031               7.650
  4615.300      24.0     4.855    -3.835
  4615.333      26.1     7.695    -3.112
  4615.390      28.0     4.105    -2.40
  4615.440      62.1     0.544    -0.690
  4615.490      58.1     3.935    -2.830
  4615.501     607.0     0.582    -4.662               7.650
  4615.529      24.1     8.215    -4.217
  4615.529     607.0     0.582    -3.626               7.650
  4615.563 106.00113     0.872    -2.445               3.456
  4615.565      26.0     4.580    -1.30
  4615.621      25.0     4.666    -1.227
  4615.661      24.0     3.887    -3.309
  4615.680      58.1     0.823    -2.200
  4615.680      62.1     0.188    -0.70
  4615.722      70.1     6.954    -1.980
  4615.730      26.0     4.593    -2.60
  4615.740 106.00113     0.872    -2.407               3.456
  4615.742 106.00113     0.995    -4.335               3.456
  4615.760     107.0     3.179    -2.779               3.450
  4615.772 106.00113     1.984    -4.573               3.456
  4615.777     607.0     1.476    -3.820               7.650
  4615.793     607.0     0.534    -4.833               7.650
  4615.795     607.0     1.834    -4.303               7.650
  4615.806     107.0     3.179    -2.779               3.450
  4615.810      69.1     3.824    -3.290
  4615.817     607.0     0.652    -3.764               7.650
  4615.821 106.00112     1.720    -2.542               3.456
  4615.845 106.00112     3.471    -4.123               3.456
  4615.856     607.0     0.652    -4.478               7.650
  4615.870 106.00112     1.720    -2.558               3.456
  4615.909 106.00113     0.872    -4.197               3.456
  4615.915 106.00112     3.471    -1.067               3.456
  4615.915 106.00113     2.818    -1.162               3.456
  4615.921      58.1     0.459    -2.480
  4615.930      60.1     1.121    -1.540
  4615.940      69.1     2.054    -0.350
  4615.941      69.1     2.054    -0.350
  4615.983 106.00112     3.471    -1.076               3.456
  4616.058     607.0     0.551    -4.414               7.650
  4616.071      27.1     7.874    -3.710
  4616.074      58.1     1.412    -0.960
  4616.080     607.0     0.551    -4.120               7.650
  4616.102     607.0     0.566    -4.053               7.650
  4616.124      24.0     0.983    -1.05
  4616.158      41.0     0.197    -1.260
  4616.169      22.1     5.423    -3.678
  4616.192 106.00113     0.995    -2.079               3.456
  4616.205 106.00113     2.818    -1.150               3.456
  4616.241      24.1     5.670    -2.346
  4616.247      22.0     3.108    -2.00 
  4616.256 106.00113     0.995    -2.064               3.456
  4616.275      27.1     5.208    -2.667
  4616.345      58.1     0.459    -3.930
  4616.361     607.0     1.596    -3.477               7.650
  4616.372      58.1     1.274    -2.580
  4616.375 106.00112     2.818    -1.162               3.456
  4616.378      77.0     1.515    -1.870
  4616.383      15.0     7.213    -2.000
  4616.409     607.0     0.600    -3.599               7.650
  4616.434      58.1     1.796    -1.830
  4616.439     607.0     0.600    -4.691               7.650
  4616.467      23.0     1.183    -2.00
  4616.478 106.00113     3.198    -4.095               3.456
  4616.488 106.00112     2.818    -4.090               3.456
  4616.489      62.1     0.000    -2.170
  4616.516 106.00113     1.720    -2.558               3.456
  4616.520 106.00112     2.818    -4.090               3.456
  4616.523      24.1     7.387    -2.401
  4616.570      27.0     1.710    -4.488
  4616.600      26.0     4.593    -1.80
  4616.612      62.0     0.498    -1.395
  4616.616 106.00113     1.720    -2.542               3.456
  4616.622      42.0     3.164    -1.317
  4616.629      24.1     4.072    -1.576
  4616.633 106.00112     2.818    -1.150               3.456
  4616.647     607.0     0.640    -4.828               7.650
  4616.688     607.0     0.641    -3.754               7.650
  4616.706 106.00113     0.995    -4.319               3.456
  4616.716      24.0     4.613    -0.874
  4616.730      60.1     0.380    -2.000
  4616.735      26.0     4.446    -3.644
  4616.785      76.0     1.368    -1.670
  4616.814      22.0     2.160    -2.989
  4616.857      23.0     1.945    -2.283
  4616.883      24.0     3.966    -3.614
  4616.932 106.00113     1.917    -4.693               3.456
  4617.004 106.00113     3.001    -1.207               3.456
  4617.034 106.00112     1.984    -4.573               3.456
  4617.118      58.1     4.097    -3.690
  4617.203 106.00112     3.672    -4.202               3.456
  4617.268    22.0       1.749     0.389
  4617.269      66.1     0.590    -1.857
  4617.292      58.1     0.956    -2.500
