Y 3950 +/-10 A
  3940.660      58.1     0.495     -1.05                                BIEMONT 
  3940.799      38.0     1.774     -0.91                                        
  3940.970      58.1     0.417     -0.57                                 LAWLER 
  3941.510      60.1     0.064     -0.02                                 LAWLER 
  3941.609      40.0     0.998     -0.82                                        
  3941.901      40.1     0.998     -1.50                                        
  3942.131      60.1     0.064     -1.45                                        
  3942.151      58.1     0.000     -0.22                                 LAWLER 
  3942.222      63.1     1.249     -2.03                                        
  3942.615      60.1     1.880      0.59                                        
  3942.745      58.1     0.857      0.69                                 LAWLER 
  3943.074      63.1     2.945      0.20                                        
  3943.131      58.1     0.320     -0.77                                 LAWLER 
  3943.488      58.1     1.091     -0.66                                        
  3943.884      58.1     0.792      0.19                                 LAWLER 
  3944.092      58.1     0.553     -1.05                                 LAWLER 
  3944.834      58.1     1.253     -0.40                                        
  3944.914      58.1     0.318     -0.94                                BIEMONT 
  3944.950      60.1     0.204     -2.30                                 LAWLER 
  3946.047      58.1     0.553     -2.14                                 LAWLER 
  3946.702      58.1     0.969     -0.48                                        
  3946.797      60.1     1.410     -0.21                                        
  3947.115      58.1     0.587     -1.73                                 LAWLER 
  3947.594      60.0     0.293     -0.13                                        
  3947.966      58.1     0.417     -0.74                                 LAWLER 
  3948.340      60.1     0.630     -0.58                                 LAWLER 
  3949.038   57.1139     0.403    -1.337                                 LAWLER 
  3949.039   57.1139     0.403    -1.191                                 LAWLER 
  3949.044   57.1139     0.403    -0.995                                 LAWLER 
  3949.046   57.1139     0.403    -1.008                                 LAWLER 
  3949.047   57.1139     0.403    -1.669                                 LAWLER 
  3949.056   57.1139     0.403    -0.761                                 LAWLER 
  3949.058   57.1139     0.403    -0.886                                 LAWLER 
  3949.060   57.1139     0.403    -1.559                                 LAWLER 
  3949.072   57.1139     0.403    -0.576                                 LAWLER 
  3949.075   57.1139     0.403    -0.825                                 LAWLER 
  3949.077   57.1139     0.403    -1.581                                 LAWLER 
  3949.094   57.1139     0.403    -0.420                                 LAWLER 
  3949.097   57.1139     0.403    -0.821                                 LAWLER 
  3949.100   57.1139     0.403    -1.690                                 LAWLER 
  3949.120   57.1139     0.403    -0.284                                 LAWLER 
  3949.124   57.1139     0.403    -0.887                                 LAWLER 
  3949.128   57.1139     0.403    -1.901                                 LAWLER 
  3949.151   57.1139     0.403    -0.163                                 LAWLER 
  3949.156   57.1139     0.403    -1.092                                 LAWLER 
  3949.160   57.1139     0.403    -2.306                                 LAWLER 
  3949.404      58.1     0.232     -1.03                                 LAWLER 
  3949.613      63.0     1.617     -0.11                                        
  3949.822      58.0     0.552      0.18                                        
  3950.356      39.1     0.104     -0.49                                BIEMONT 
  3950.429      58.1     0.634     -0.89                                BIEMONT 
  3950.810      58.1     0.960     -0.69                                        
  3951.140      60.1     0.182      0.04                                 LAWLER 
  3951.306      40.0     1.442     -0.80                                        
  3951.589      39.1     0.408     -1.98                                BIEMONT 
  3951.621      58.1     0.960     -0.45                                BIEMONT 
  3952.104      58.1     0.559     -0.97                                 LAWLER 
  3952.190      60.1     0.000     -0.39                                 LAWLER 
  3952.532      58.1     0.327     -0.11                                 LAWLER 
  3952.595      58.1     0.822     -0.38                                BIEMONT 
  3952.860      60.1     0.182     -0.67                                 LAWLER 
  3953.380      60.1     0.380     -0.97                                 LAWLER 
  3953.510      60.1     0.471     -0.39                                 LAWLER 
  3953.652      58.1     0.495     -0.64                                 LAWLER 
  3953.686      57.0     0.130     -1.24                                        
  3953.944      58.1     0.560     -1.00                                 LAWLER 
  3953.970      58.1     0.464     -1.03                                BIEMONT 
  3955.080      60.1     0.204     -1.36                                 LAWLER 
  3955.357      58.1     0.909     -0.21                                BIEMONT 
  3955.550      60.1     0.380     -1.73                                 LAWLER 
  3955.746      63.0     1.930      0.20                                        
  3955.910      58.1     0.560     -0.79                                 LAWLER 
  3955.960      60.1     0.742     -0.60                                 LAWLER 
  3956.045      58.1     0.721     -0.41                                        
  3956.278      58.1     0.608      0.12                                 LAWLER 
  3956.350      60.1     0.182     -1.64                                 LAWLER 
  3956.739      58.0     0.206     -0.75                                        
  3956.772      58.0     0.159     -0.58                                        
  3956.896      58.1     0.674     -0.61                                 LAWLER 
  3956.905      58.1     0.736     -0.62                                BIEMONT 
  3957.145      58.1     0.327     -0.83                                BIEMONT 
  3957.203      58.0     0.028     -0.61                                        
  3957.451      60.1     1.519      0.43                                        
  3957.957      58.1     0.896     -0.54                                 LAWLER 
  3957.990      60.1     0.064     -0.67                                 LAWLER 
  3958.220      40.1     0.527     -0.32                                Ljung06 
  3958.258      58.1     0.721     -0.42                                BIEMONT 
  3958.864      58.1     0.875     -0.36                                BIEMONT 
  3959.607      58.1     0.521     -0.81                                 LAWLER 
  3959.797      58.1     0.587     -0.73                                        
