Y 4398 +/-10 A
  4388.026 106.00113     1.291    -1.931               3.456
  4388.069     607.0     0.886    -4.824               7.650
  4388.070      22.0     2.239    -0.857
  4388.072 106.00112     1.291    -2.048               3.456
  4388.076 106.00113     2.441    -1.570               3.456
  4388.078      25.0     4.726    -1.250
  4388.086      25.1     6.133    -4.896
  4388.091      23.0     2.365    -1.000
  4388.112 106.00112     1.290    -2.954               3.456
  4388.126 106.00113     1.080    -3.377               3.456
  4388.133 106.00113     1.291    -1.931               3.456
  4388.151 106.00113     1.782    -3.874               3.456
  4388.155 106.00113     1.080    -2.053               3.456
  4388.159     607.0     0.757    -4.599               7.650
  4388.167     607.0     0.757    -4.768               7.650
  4388.187 106.00113     2.897    -1.408               3.456
  4388.199 106.00112     3.574    -1.004               3.456
  4388.238     607.0     0.805    -3.971               7.650
  4388.245 106.00112     1.291    -2.954               3.456
  4388.251      21.0     2.608    -3.808
  4388.256      14.0     5.082    -3.486
  4388.273      42.0     3.907    -0.717
  4388.284 106.00113     0.773    -1.384               3.456
  4388.295 106.00113     1.080    -2.114               3.456
  4388.313 106.00113     0.773    -1.406               3.456
  4388.336 106.00112     1.080    -2.114               3.456
  4388.345     607.0     0.770    -4.644               7.650
  4388.357      41.0     0.657    -1.030
  4388.358     607.0     0.840    -4.551               7.650
  4388.358     607.0     0.770    -3.982               7.650
  4388.376 106.00113     3.388    -4.050               3.456
  4388.380      68.1     2.289    -0.378
  4388.407    26.0       3.600    -0.682
  4388.438 106.00112     1.291    -3.257               3.456
  4388.444 106.00112     1.080    -3.377               3.456
  4388.447 106.00113     1.305    -1.920               3.456
  4388.502      40.1     2.488     -1.50                                        
  4388.505 106.00113     2.897    -1.396               3.456
  4388.515      25.1     7.760    -3.832
  4388.536      26.1     7.697    -3.309
  4388.542      22.0     2.495    -0.839
  4388.546 106.00112     1.291    -3.257               3.456
  4388.586 106.00113     1.080    -2.053               3.456
  4388.591      26.0     4.209    -2.806
  4388.609 106.00113     1.080    -3.377               3.456
  4388.611 106.00112     1.291    -1.931               3.456
  4388.635      24.1     8.291    -4.124
  4388.646 106.00113     1.306    -1.920               3.456
  4388.653      26.1     9.962    -4.519
  4388.673     607.0     0.791    -3.838               7.650
  4388.688 106.00113     2.371    -4.014               3.456
  4388.691     607.0     0.791    -4.670               7.650
  4388.692      69.1     3.955    -2.740
  4388.708 106.00112     1.080    -2.053               3.456
  4388.709 106.00113     1.306    -3.306               3.456
  4388.719 106.00112     1.291    -1.931               3.456
  4388.72       26.0     4.5      -1.5
  4388.723 106.00113     2.167    -3.994               3.456
  4388.725 106.00113     1.305    -3.067               3.456
  4388.760     607.0     1.021    -4.985               7.650
  4388.761 106.00112     0.773    -3.652               3.456
  4388.793      23.0     1.711    -2.080
  4388.794 106.00113     0.897    -1.522               3.456
  4388.819 106.00112     1.080    -2.114               3.456
  4388.831     607.0     0.936    -4.194               7.650
  4388.864 106.00112     0.773    -1.384               3.456
  4388.867 106.00112     0.773    -1.406               3.456
  4388.875 106.00113     1.306    -3.306               3.456
  4388.915     607.0     0.828    -3.935               7.650
  4388.919 106.00113     0.897    -1.542               3.456
  4388.923 106.00113     1.306    -3.067               3.456
  4388.927 106.00112     1.080    -3.377               3.456
  4388.939     607.0     0.828    -4.426               7.650
  4388.968      25.0     4.332    -3.182
  4388.985      44.0     2.780    -0.550
  4388.987 106.00113     1.306    -1.831               3.456
  4388.993      62.1     0.933    -1.726
  4389.004 106.00113     0.773    -3.652               3.456
  4389.029 106.00113     2.941    -1.817               3.456
  4389.033 106.00112     1.305    -1.920               3.456
  4389.037 106.00113     1.782    -1.195               3.456
  4389.068 106.00113     1.782    -1.214               3.456
  4389.078      24.0     3.888    -3.887
  4389.079 106.00113     0.707    -1.409               3.456
  4389.086      23.1     6.581    -3.195
  4389.093 106.00113     2.441    -4.090               3.456
  4389.096      26.0     4.549    -3.258
  4389.110     607.0     0.775    -4.334               7.650
  4389.134      23.1     1.575    -4.412
  4389.139 106.00112     1.080    -2.053               3.456
  4389.153 106.00113     1.306    -1.831               3.456
  4389.172 106.00113     2.941    -1.828               3.456
  4389.174 106.00112     1.305    -3.067               3.456
  4389.187 106.00112     3.388    -0.652               3.456
  4389.197 106.00112     2.941    -4.930               3.456
  4389.212 106.00112     1.782    -3.874               3.456
  4389.232 106.00112     1.306    -1.920               3.456
  4389.243      69.1     4.459    -1.930
  4389.245    26.0       0.052    -4.583
  4389.257 106.00113     0.707    -1.426               3.456
  4389.259      70.1     2.847    -3.460
  4389.268 106.00112     1.782    -1.195               3.456
  4389.270      24.0     3.847    -0.737
  4389.278      23.1     6.187    -2.528
  4389.278 106.00112     2.167    -3.994               3.456
  4389.293      24.0     4.824    -3.528
  4389.311 106.00112     1.782    -1.214               3.456
  4389.312     607.0     0.759    -4.545               7.650
  4389.316 106.00113     0.640    -4.482               3.456
  4389.320     607.0     0.759    -4.648               7.650
  4389.322 106.00112     3.388    -4.050               3.456
  4389.328 106.00112     2.941    -1.817               3.456
  4389.341 106.00112     2.167    -1.523               3.456
  4389.345 106.00112     0.897    -1.522               3.456
  4389.346      25.0     4.827    -3.625
  4389.363 106.00112     3.471    -4.553               3.456
  4389.367 106.00112     0.897    -3.627               3.456
  4389.367 106.00112     1.782    -3.794               3.456
  4389.372 106.00112     1.306    -3.067               3.456
  4389.403 106.00112     2.167    -1.539               3.456
  4389.413 106.00112     3.389    -4.050               3.456
  4389.434 106.00112     1.306    -3.306               3.456
  4389.442 106.00112     0.897    -1.542               3.456
  4389.454      27.0     3.632    -2.763
  4389.463 106.00113     0.897    -3.627               3.456
  4389.465 106.00113     0.994    -1.717               3.456
  4389.469 106.00112     2.941    -1.828               3.456
  4389.513     607.0     0.775    -4.639               7.650
  4389.527     607.0     0.775    -3.930               7.650
  4389.537      22.0     2.305    -3.571
  4389.548 106.00112     3.389    -0.661               3.456
  4389.550 106.00113     0.994    -1.689               3.456
  4389.575 106.00112     1.306    -1.831               3.456
  4389.594      21.0     1.996    -0.632
  4389.600 106.00112     1.306    -3.306               3.456
  4389.600 106.00112     2.941    -4.805               3.456
  4389.634 106.00112     0.707    -1.409               3.456
  4389.656 106.00112     3.471    -4.544               3.456
  4389.683 106.00113     0.640    -2.319               3.456
  4389.690 106.00112     0.707    -3.646               3.456
  4389.729     607.0     0.956    -3.976               7.650
  4389.733 106.00113     1.323    -1.824               3.456
  4389.735 106.00113     2.167    -1.539               3.456
  4389.739 106.00113     2.167    -1.523               3.456
  4389.740 106.00112     1.306    -1.831               3.456
  4389.751      17.0     8.922    -1.280
  4389.756      25.1     5.520    -4.691
  4389.762 106.00112     2.441    -1.586               3.456
  4389.762 106.00112     2.371    -0.949               3.456
  4389.764      70.1     5.724    -1.110
  4389.775 106.00113     0.640    -2.268               3.456
  4389.785      24.0     3.845    -4.257
  4389.787 106.00112     0.707    -1.426               3.456
  4389.791      23.0     2.616    -0.207
  4389.804      28.0     4.154    -2.575
  4389.804      69.1     3.766    -1.810
  4389.831 106.00112     2.441    -4.090               3.456
  4389.833      74.0     2.458    -0.640
  4389.840      26.0     4.209    -3.341
  4389.852 106.00113     0.955    -1.501               3.456
  4389.852 106.00113     0.955    -1.519               3.456
  4389.854 106.00113     0.994    -3.598               3.456
  4389.858      28.0     3.465    -1.240
  4389.862      57.0     1.204     -0.17                                        
  4389.891     607.0     0.860    -3.733               7.650
  4389.894      64.0     0.881    -0.094
  4389.902 106.00113     1.323    -3.360               3.456
  4389.906      26.0     4.283    -4.059
  4389.907      23.0     2.374    -1.776
  4389.908 106.00113     0.707    -3.646               3.456
  4389.910      60.1     0.182     -2.31                                 LAWLER 
  4389.918 106.00112     2.371    -4.014               3.456
  4389.918 106.00113     0.843    -1.362               3.456
  4389.933      24.0     3.011    -3.200
  4389.935      26.1     7.773    -4.039
  4389.939 106.00112     2.441    -1.570               3.456
  4389.947 106.00112     0.994    -3.598               3.456
  4389.953 106.00113     1.782    -3.794               3.456
  4389.958 106.00113     0.843    -1.382               3.456
  4389.976      23.0     0.275     0.200
  4389.983 106.00112     0.994    -1.717               3.456
  4389.989 106.00112     2.371    -3.889               3.456
  4389.990      23.0     2.581    -3.046
  4389.991 106.00113     3.574    -4.123               3.456
  4390.002      70.1     5.169    -3.240
  4390.004      64.0     1.449     0.468
  4390.008 106.00113     1.323    -1.824               3.456
  4390.016 106.00113     1.323    -3.146               3.456
  4390.017      24.0     3.011    -3.236
  4390.023      27.1     8.456    -2.086
  4390.026 106.00113     1.581    -3.882               3.456
  4390.029    11.0       2.102    -1.944
  4390.070      66.0     1.239    -1.860
  4390.097 106.00112     0.994    -1.689               3.456
  4390.099      23.0     2.616    -1.504
  4390.109 106.00113     2.982    -3.946               3.456
  4390.132      24.0     4.616    -1.570
  4390.141 106.00113     1.324    -3.360               3.456
  4390.143 106.00113     0.640    -4.500               3.456
  4390.145 106.00112     2.371    -0.961               3.456
  4390.149 106.00113     2.371    -0.949               3.456
  4390.157     107.0     2.883    -4.875               3.450
  4390.172 106.00113     0.124    -4.303               3.456
  4390.184 106.00113     1.581    -3.882               3.456
  4390.186 106.00113     1.323    -1.753               3.456
  4390.197      26.0     4.559    -3.080
  4390.228      22.0     1.067    -4.405
  4390.234      24.0     4.855    -1.555
  4390.241     607.0     1.021    -4.978               7.650
  4390.274      58.1     1.455      0.01                                        
  4390.292 106.00113     1.323    -3.146               3.456
  4390.307      24.0     2.967    -3.359
  4390.312      28.0     3.658    -1.767
  4390.314     607.0     0.898    -4.832               7.650
  4390.321 106.00112     1.323    -1.824               3.456
  4390.323 106.00112     0.955    -3.712               3.456
  4390.384 106.00112     0.124    -4.303               3.456
  4390.399     607.0     0.840    -4.544               7.650
  4390.403      17.0     9.029    -1.610
  4390.404 106.00112     0.955    -1.519               3.456
  4390.425 106.00112     0.843    -3.652               3.456
  4390.425 106.00113     1.324    -1.753               3.456
  4390.433 106.00112     0.955    -1.501               3.456
  4390.434 106.00113     1.846    -3.874               3.456
  4390.436 106.00113     0.955    -3.712               3.456
  4390.439      44.0     1.063    -0.510
  4390.440 106.00112     1.323    -3.146               3.456
  4390.448      26.0     2.990    -2.630
  4390.464     607.0     1.066    -4.453               7.650
  4390.487 106.00113     2.371    -0.961               3.456
  4390.513      22.0     3.154    -3.254
  4390.514      12.1     9.999    -1.490
  4390.523 106.00112     0.843    -1.362               3.456
  4390.539 106.00112     0.843    -1.382               3.456
  4390.542      24.0     4.389    -2.344
  4390.551      25.0     3.763    -2.628
  4390.572      12.1     9.999    -0.530
  4390.578      25.0     5.349    -3.348
  4390.596 106.00112     1.323    -1.824               3.456
  4390.605      23.0     1.712    -2.699
  4390.619     607.0     0.763    -4.506               7.650
  4390.624     607.0     0.792    -4.106               7.650
  4390.629     607.0     0.763    -4.550               7.650
  4390.632     607.0     0.798    -3.798               7.650
  4390.652     607.0     0.798    -4.669               7.650
  4390.654 106.00112     1.323    -3.360               3.456
  4390.658      60.1     1.337      0.10                                        
  4390.661      24.0     3.980    -3.236
  4390.666     607.0     1.725    -4.862               7.650
  4390.695 106.00113     0.843    -3.652               3.456
  4390.707      27.1     8.634    -3.997
  4390.716      24.1     6.282    -4.557
  4390.716 106.00112     1.323    -3.146               3.456
  4390.718 106.00113     0.124    -4.303               3.456
  4390.751      26.0     4.220    -2.193
  4390.760      58.1     1.205     -1.84                                 LAWLER 
  4390.761      26.0     4.638    -2.659
  4390.774 106.00112     1.323    -1.753               3.456
  4390.784      21.0     3.057    -3.778
  4390.809 106.00112     1.581    -3.882               3.456
  4390.826 106.00113     0.995    -1.689               3.456
  4390.833      24.0     3.889    -3.645
  4390.833     607.0     0.780    -4.636               7.650
  4390.838      23.1     6.470    -2.527
  4390.841 106.00113     0.995    -1.717               3.456
  4390.848     607.0     0.780    -3.883               7.650
  4390.854      62.1     0.185    -0.450
  4390.893 106.00112     1.324    -3.360               3.456
  4390.907      27.0     3.713    -2.163
  4390.930 106.00112     0.124    -4.303               3.456
  4390.930 106.00113     2.900    -4.090               3.456
  4390.935     607.0     0.836    -3.908               7.650
  4390.949 106.00113     3.462    -2.326               3.456
  4390.950    26.0       3.015    -1.520
  4390.958      64.1     0.427    -1.040
  4390.961     607.0     0.836    -4.432               7.650
  4390.967 106.00112     1.581    -3.882               3.456
  4391.013 106.00112     1.324    -1.753               3.456
  4391.025      22.1     1.231    -2.280
  4391.025      44.0     0.928    -1.830
  4391.043      14.0     4.920    -4.411
  4391.063 106.00113     0.775    -1.384               3.456
  4391.077      76.0     2.369    -0.910
  4391.089      25.1     9.908    -3.719
  4391.110      90.1     0.557    -0.825
  4391.110      60.1     0.320     -1.25                                 LAWLER 
  4391.166      26.1     7.806    -4.008
  4391.173 106.00113     2.941    -4.805               3.456
  4391.202      69.1     4.364    -2.530
  4391.208 106.00113     1.846    -1.195               3.456
  4391.220      24.0     4.575    -2.511
  4391.226     107.0     2.883    -4.831               3.450
  4391.231 106.00113     0.995    -3.598               3.456
  4391.237 106.00113     1.344    -1.750               3.456
  4391.239      23.0     2.578    -2.741
  4391.252     607.0     0.820    -3.916               7.650
  4391.268 106.00113     0.775    -1.406               3.456
  4391.268      24.0     3.011    -3.289
  4391.274      69.1     4.435    -2.590
  4391.292     607.0     0.780    -4.278               7.650
  4391.298      70.1     7.047    -3.270
  4391.301      22.0     2.092    -3.841
  4391.305      26.0     4.559    -2.506
  4391.317      58.1     0.739     -1.41                                 LAWLER 
  4391.324 106.00112     0.995    -3.598               3.456
  4391.329 106.00113     1.344    -3.422               3.456
  4391.334      75.0     1.457    -1.510
  4391.360 106.00112     0.995    -1.717               3.456
  4391.366 106.00113     1.015    -4.484               3.456
  4391.374 106.00112     0.995    -1.689               3.456
  4391.378 106.00113     1.846    -1.177               3.456
  4391.417      23.1     6.529    -3.769
  4391.426 106.00113     0.916    -1.340               3.456
  4391.432      64.1     1.134    -0.880
  4391.439 106.00112     1.846    -1.195               3.456
  4391.478 106.00113     0.915    -1.360               3.456
  4391.482 106.00113     3.463    -2.317               3.456
  4391.484      64.1     1.406    -1.120
  4391.488      25.0     4.273    -3.010
  4391.499 106.00112     1.846    -3.794               3.456
  4391.523      26.0     4.284    -4.995
  4391.531      42.0     2.988    -1.000
  4391.532 106.00113     1.344    -3.222               3.456
  4391.536 106.00112     1.846    -3.874               3.456
  4391.563      27.0     3.016    -1.144
  4391.571      25.0     3.378    -4.022
  4391.572 106.00113     1.015    -4.484               3.456
  4391.579      27.1     8.599    -3.426
  4391.584 106.00113     3.476    -4.211               3.456
  4391.596 106.00112     1.846    -1.177               3.456
  4391.601 106.00113     1.344    -1.750               3.456
  4391.603 106.00113     3.388    -0.652               3.456
  4391.621 106.00113     2.444    -1.570               3.456
  4391.624 106.00113     1.344    -1.691               3.456
  4391.643      22.0     2.480    -1.068
  4391.644 106.00112     0.775    -1.384               3.456
  4391.650 106.00113     1.344    -3.422               3.456
  4391.652 106.00112     0.640    -2.319               3.456
  4391.659      58.1     0.322     -0.04                                 LAWLER 
  4391.667 106.00113     3.476    -4.220               3.456
  4391.667      23.0     1.860    -0.957
  4391.677      28.0     3.480    -3.702
  4391.686 106.00112     0.640    -4.500               3.456
  4391.689      21.1     6.908    -2.554
  4391.696      21.0     2.320    -1.742
  4391.698      20.0     4.769    -1.791
  4391.717 106.00112     0.775    -3.652               3.456
  4391.727 106.00112     0.640    -4.482               3.456
  4391.751      24.0     1.004    -2.380
  4391.761 106.00112     0.640    -2.268               3.456
  4391.777      27.0     2.877    -3.897
  4391.791      24.1     5.493    -2.369
  4391.799      24.0     4.575    -2.515
  4391.808 106.00112     1.015    -4.484               3.456
  4391.817 106.00113     3.389    -0.661               3.456
  4391.821      78.0     2.724    -1.470
  4391.823 106.00112     0.775    -1.406               3.456
  4391.825 106.00112     1.344    -1.750               3.456
  4391.825 106.00113     2.444    -1.586               3.456
  4391.847      22.0     3.113    -3.532
  4391.852      22.0     2.408    -1.244
  4391.861      26.0     3.928    -2.170
  4391.867     607.0     0.956    -3.962               7.650
  4391.868 106.00112     2.900    -4.090               3.456
  4391.870      60.1     0.742     -2.27                                 LAWLER 
  4391.887      27.0     2.542    -1.780
  4391.897 106.00113     1.344    -3.222               3.456
  4391.904      22.0     2.175    -1.326
  4391.929 106.00112     1.344    -3.222               3.456
  4391.945 106.00113     1.344    -1.691               3.456
  4391.949 106.00113     2.371    -3.889               3.456
  4391.960 106.00113     0.775    -3.652               3.456
  4391.961      25.1     5.473    -2.889
  4391.964 106.00112     0.915    -3.749               3.456
  4391.983 106.00112     2.900    -1.396               3.456
  4391.987      69.1     2.620    -2.180
  4392.014 106.00112     1.015    -4.484               3.456
  4392.040      28.0     4.154    -2.384
  4392.057 106.00112     0.916    -1.340               3.456
  4392.064      64.0     0.927     0.143
  4392.065      23.0     0.267    -1.932
  4392.084 106.00112     0.915    -1.360               3.456
  4392.084     607.0     0.766    -4.477               7.650
  4392.095     607.0     0.766    -4.466               7.650
  4392.110      60.1     1.782     -0.25                                        
  4392.111 106.00112     1.344    -3.422               3.456
  4392.116 106.00112     2.900    -1.408               3.456
  4392.118 106.00113     0.957    -1.501               3.456
  4392.122      42.0     3.179    -0.857
  4392.153 106.00113     1.846    -3.794               3.456
  4392.166      24.0     4.618    -1.397
  4392.167      28.0     4.105    -1.963
  4392.190 106.00112     1.344    -1.750               3.456
  4392.215 106.00112     1.344    -1.691               3.456
  4392.229     607.0     1.066    -4.444               7.650
  4392.231      23.0     2.379    -3.001
  4392.257      24.0     3.011    -2.133
  4392.263 106.00113     0.915    -3.749               3.456
  4392.267 106.00113     0.957    -1.519               3.456
  4392.294 106.00112     1.344    -3.222               3.456
  4392.296     607.0     0.785    -4.636               7.650
  4392.305      26.0     3.547    -2.890
  4392.313     607.0     0.785    -3.839               7.650
  4392.321     607.0     1.725    -4.857               7.650
  4392.407      24.0     3.113    -4.190
  4392.431 106.00112     1.344    -3.422               3.456
  4392.433     107.0     2.883    -4.758               3.450
  4392.449      75.0     1.813    -1.460
  4392.470      27.1     7.884    -2.522
  4392.535 106.00112     1.344    -1.691               3.456
  4392.560      14.0     4.930    -2.403
  4392.580      26.0     3.881    -2.130
  4392.599      62.1     0.885    -1.762
  4392.599      77.0     2.054    -1.870
  4392.630      23.0     1.955    -2.533
  4392.670     607.0     0.910    -4.840               7.650
  4392.678 106.00113     2.900    -1.396               3.456
  4392.690      41.0     1.157    -0.830
  4392.699 106.00112     0.957    -1.501               3.456
  4392.709     607.0     0.805    -3.761               7.650
  4392.726      26.0     4.301    -4.401
  4392.729     607.0     0.805    -4.669               7.650
  4392.738 106.00112     0.957    -3.712               3.456
  4392.746 106.00113     2.900    -1.408               3.456
  4392.814      70.1     4.882    -1.380
  4392.817 106.00113     0.431    -2.953               3.456
  4392.819 106.00112     0.957    -1.519               3.456
  4392.822      90.0     0.966    -0.855
  4392.822      22.0     3.186    -2.975
  4392.829 106.00113     0.991    -1.319               3.456
  4392.835      70.1     6.950    -3.090
  4392.852 106.00113     0.957    -3.712               3.456
  4392.853      26.0     3.267    -4.0  
  4392.888     607.0     0.878    -3.732               7.650
  4392.888 106.00113     0.990    -1.338               3.456
  4392.916 106.00113     0.845    -1.362               3.456
  4392.919 106.00113     1.017    -1.482               3.456
  4392.923 106.00113     2.444    -4.090               3.456
  4392.933 106.00113     1.017    -1.498               3.456
  4392.975 106.00113     1.368    -1.688               3.456
  4393.004 106.00113     1.368    -3.458               3.456
  4393.018 106.00113     0.431    -4.333               3.456
  4393.029      26.0     3.017    -3.0  
  4393.044     607.0     0.845    -3.882               7.650
  4393.051 106.00113     2.455    -4.014               3.456
  4393.058     607.0     0.828    -3.891               7.650
  4393.061      26.0     3.547    -3.919
  4393.071     607.0     0.846    -4.438               7.650
  4393.078      23.0     1.869    -4.958
  4393.092      26.0     4.178    -4.403
  4393.118 106.00113     0.431    -2.871               3.456
  4393.141 106.00113     0.845    -1.382               3.456
  4393.143 106.00113     1.107    -2.037               3.456
  4393.184      58.1     0.740     -0.57                                 LAWLER 
  4393.222 106.00113     3.076    -3.946               3.456
  4393.230 106.00112     3.183    -1.115               3.456
  4393.251 106.00112     3.183    -1.125               3.456
  4393.260      26.0     4.559    -3.230
  4393.271      25.0     3.133    -3.402
  4393.276     607.0     0.808    -4.100               7.650
  4393.288 106.00113     1.368    -3.289               3.456
  4393.303      26.0     4.256    -3.284
  4393.315 106.00113     1.368    -1.638               3.456
  4393.323      20.0     5.955    -3.933
  4393.333 106.00112     3.476    -4.211               3.456
  4393.340      11.0     2.104    -2.730
  4393.340      11.0     2.104    -1.780
  4393.354 106.00112     3.476    -4.220               3.456
  4393.356      62.0     0.185    -0.511
  4393.362      24.0     3.104    -2.355
  4393.371 106.00112     3.183    -4.014               3.456
  4393.379      25.1     5.473    -1.458
  4393.383      23.1     6.295    -2.048
  4393.387      20.0     4.780    -3.426
  4393.392 106.00112     0.990    -3.749               3.456
  4393.405      20.0     4.763    -1.929
  4393.406 106.00113     1.848    -3.874               3.456
  4393.417 106.00113     1.368    -3.458               3.456
  4393.418      25.0     3.763    -2.727
  4393.423 106.00112     1.017    -3.718               3.456
  4393.435 106.00113     3.574    -1.004               3.456
  4393.437      24.0     3.890    -1.627
  4393.441 106.00113     1.368    -1.688               3.456
  4393.443 106.00113     1.107    -1.984               3.456
  4393.475 106.00113     1.107    -3.452               3.456
  4393.482      28.1     8.758    -2.267
  4393.483 106.00112     0.991    -1.319               3.456
  4393.487 106.00112     2.444    -1.570               3.456
  4393.514 106.00112     1.017    -1.498               3.456
  4393.520 106.00112     0.990    -1.338               3.456
  4393.522 106.00112     0.845    -1.362               3.456
  4393.526      24.0     2.967    -1.800
  4393.529 106.00112     1.017    -1.482               3.456
  4393.555 106.00113     1.017    -3.718               3.456
  4393.566 106.00112     1.368    -1.688               3.456
  4393.586      92.0     0.000    -0.639
  4393.593 106.00112     2.444    -1.586               3.456
  4393.597      27.0     3.713    -3.815
  4393.598     607.0     0.785    -4.227               7.650
  4393.608      26.0     3.018    -3.356
  4393.609 106.00112     0.845    -3.652               3.456
  4393.625      26.0     3.640    -4.778
  4393.642      20.0     5.955    -3.305
  4393.651      27.0     3.732    -2.476
  4393.659 106.00112     1.368    -3.289               3.456
  4393.663 106.00112     2.444    -4.090               3.456
  4393.669      24.0     2.987    -3.385
  4393.683      70.0     3.108    -0.008
  4393.686     607.0     0.770    -4.455               7.650
  4393.694      42.0     3.176    -1.083
  4393.697 106.00112     1.107    -2.037               3.456
  4393.699     607.0     0.770    -4.394               7.650
  4393.723 106.00113     0.990    -3.749               3.456
  4393.723 106.00112     0.845    -1.382               3.456
  4393.726      26.0     4.559    -3.251
  4393.728 106.00113     1.368    -1.638               3.456
  4393.744 106.00113     1.108    -2.037               3.456
  4393.753 106.00113     1.368    -3.289               3.456
  4393.759      90.0     0.930    -1.185
  4393.792 106.00112     1.107    -3.452               3.456
  4393.794 106.00113     3.476    -4.544               3.456
  4393.815 106.00112     1.368    -3.458               3.456
  4393.825 106.00112     2.768    -1.277               3.456
  4393.829      23.0     1.051    -1.440
  4393.840     107.0     2.737    -4.967               3.450
  4393.868      26.0     4.435    -4.827
  4393.868      27.0     4.049    -3.631
  4393.879 106.00113     0.845    -3.652               3.456
  4393.899     607.0     0.791    -4.637               7.650
  4393.908 106.00112     1.368    -1.638               3.456
  4393.918     607.0     0.791    -3.799               7.650
  4393.923      22.0     2.267     0.020
  4393.950 106.00112     2.768    -4.095               3.456
  4393.962      27.0     2.871    -3.749
  4393.979 106.00113     3.476    -4.553               3.456
  4393.985 106.00113     1.108    -1.984               3.456
  4394.008      39.0     1.397     -1.35                                        
  4394.011      26.0     4.913    -1.659
  4394.011      26.0     4.473    -4.618
  4394.026 106.00112     1.107    -1.984               3.456
  4394.032 106.00112     1.368    -1.688               3.456
  4394.032 106.00113     1.041    -1.683               3.456
  4394.059    22.1       1.221    -1.784
  4394.059 106.00112     2.455    -3.889               3.456
  4394.064 106.00113     2.232    -3.994               3.456
  4394.069      74.0     2.246    -0.670
  4394.072 106.00113     2.768    -4.095               3.456
  4394.074 106.00112     2.768    -1.266               3.456
  4394.076 106.00113     1.108    -3.452               3.456
  4394.091 106.00113     1.041    -1.658               3.456
  4394.124 106.00112     1.368    -3.289               3.456
  4394.140 106.00113     1.068    -1.299               3.456
  4394.161 106.00112     2.455    -0.936               3.456
  4394.176      24.0     3.013    -3.177
  4394.204      23.0     2.638    -3.535
  4394.207 106.00113     1.068    -1.318               3.456
  4394.215 106.00112     2.455    -0.949               3.456
  4394.225 106.00112     3.076    -3.946               3.456
  4394.229 106.00112     1.368    -3.458               3.456
  4394.288     607.0     0.763    -4.979               7.650
  4394.298 106.00112     1.108    -2.037               3.456
  4394.299     607.0     0.961    -4.194               7.650
  4394.303      26.0     3.943    -3.123
  4394.308 106.00112     3.076    -0.771               3.456
  4394.308      75.0     1.955    -0.610
  4394.308      28.1     8.775    -3.367
  4394.317 106.00112     2.455    -4.014               3.456
  4394.321 106.00112     1.368    -1.638               3.456
  4394.329 106.00112     3.467    -2.317               3.456
  4394.350 106.00113     1.848    -1.177               3.456
  4394.356 106.00113     3.183    -4.014               3.456
  4394.364 106.00112     3.076    -0.781               3.456
  4394.387 106.00113     1.848    -1.195               3.456
  4394.393 106.00112     1.108    -3.452               3.456
  4394.395 106.00112     3.467    -2.326               3.456
  4394.418 106.00113     2.684    -2.209               3.456
  4394.420      69.0     1.088    -0.960
  4394.424      24.0     4.389    -1.817
  4394.447 106.00112     3.076    -3.946               3.456
  4394.447 106.00113     1.041    -3.603               3.456
  4394.469      42.0     2.597    -1.529
  4394.476      40.0     0.071     -2.39                                        
  4394.478      69.1     4.531    -2.230
  4394.489      24.0     3.966    -4.080
  4394.507      26.1     9.639    -2.118
  4394.509 106.00112     1.848    -3.874               3.456
  4394.511 106.00112     2.232    -1.524               3.456
  4394.532 106.00112     1.041    -3.603               3.456
  4394.543 106.00113     2.684    -2.196               3.456
  4394.569 106.00112     1.848    -1.177               3.456
  4394.569 106.00112     1.108    -1.984               3.456
  4394.578     107.0     2.737    -4.919               3.450
  4394.580 106.00112     1.041    -1.683               3.456
  4394.599 106.00113     2.455    -0.936               3.456
  4394.603 106.00113     2.455    -0.949               3.456
  4394.609 106.00112     2.232    -3.994               3.456
  4394.619 106.00112     1.848    -1.195               3.456
  4394.644 106.00113     0.918    -1.340               3.456
  4394.645      24.0     3.013    -3.310
  4394.650      24.1     6.285    -4.794
  4394.671 106.00112     1.041    -1.658               3.456
  4394.671      39.0     2.083     -0.53                                        
  4394.675 106.00112     2.232    -1.508               3.456
  4394.679 106.00112     1.848    -3.794               3.456
  4394.696      21.0     2.010    -2.647
  4394.720      64.1     0.819    -1.530
  4394.731 106.00112     1.068    -3.749               3.456
  4394.779      58.1     1.253     -0.49                                        
  4394.787      20.0     4.624    -4.317
  4394.801      23.0     1.351    -1.561
  4394.818 106.00112     1.068    -1.299               3.456
  4394.825      24.0     3.013    -2.357
  4394.862 106.00112     1.068    -1.318               3.456
  4394.868 106.00112     0.431    -2.953               3.456
  4394.872      76.0     1.411    -1.100
  4394.874      22.0     1.046    -1.949
  4394.883 106.00112     0.431    -4.333               3.456
  4394.891 106.00113     0.918    -1.360               3.456
  4394.895      90.1     1.067    -1.529
  4394.900      66.1     0.590    -2.200
  4394.909 106.00113     2.232    -1.524               3.456
  4394.926      40.0     1.349     -0.53                                        
  4394.929     607.0     0.836    -3.867               7.650
  4394.939 106.00113     1.394    -3.498               3.456
  4394.963      44.0     1.928    -1.320
  4394.966 106.00113     1.394    -1.637               3.456
  4394.980      66.1     0.103    -1.900
  4394.983      26.0     4.580    -2.583
  4395.031      22.1     1.084    -0.540
  4395.050 106.00113     3.389    -4.050               3.456
  4395.094 106.00113     1.068    -3.749               3.456
  4395.115     607.0     0.976    -3.966               7.650
  4395.139     607.0     0.922    -4.848               7.650
  4395.144 106.00113     2.232    -1.508               3.456
  4395.174      27.1     5.089    -3.125
  4395.181      26.1     9.830    -1.622
  4395.183      22.0     3.215    -2.279
  4395.198     607.0     0.878    -3.721               7.650
  4395.203      26.0     3.984    -3.888
  4395.205      40.0     0.542     -1.45                                        
  4395.218 106.00112     0.431    -2.871               3.456
  4395.228      23.0     0.267    -0.020
  4395.245      26.0     4.473    -4.005
  4395.270 106.00113     1.394    -1.594               3.456
  4395.274    26.0       3.651    -1.830
  4395.276 106.00112     0.918    -1.340               3.456
  4395.285      26.1     7.703    -3.174
  4395.299 106.00113     1.394    -3.368               3.456
  4395.334 106.00113     1.848    -3.794               3.456
  4395.338     607.0     0.855    -3.858               7.650
  4395.366     607.0     0.855    -4.445               7.650
  4395.378 106.00112     0.918    -3.749               3.456
  4395.382 106.00113     1.148    -1.281               3.456
  4395.390 106.00113     1.019    -1.482               3.456
  4395.401      24.0     3.010    -1.944
  4395.430      24.0     3.013    -3.447
  4395.431     607.0     0.775    -4.440               7.650
  4395.445     607.0     0.775    -4.329               7.650
  4395.457 106.00113     1.395    -3.498               3.456
  4395.457 106.00113     1.147    -1.298               3.456
  4395.466      22.0     1.873    -1.674
  4395.498 106.00112     0.918    -1.360               3.456
  4395.499      26.0     3.884    -2.073
  4395.500      60.1     0.742     -1.26                                 LAWLER 
  4395.524      26.0     4.283    -3.457
  4395.538 106.00113     1.042    -1.658               3.456
  4395.542 106.00113     1.394    -1.637               3.456
  4395.548      26.0     3.884    -3.424
  4395.560 106.00112     1.394    -1.637               3.456
  4395.564 106.00113     1.019    -1.498               3.456
  4395.589 106.00113     1.042    -1.683               3.456
  4395.610      24.0     3.013    -3.162
  4395.636     607.0     0.798    -4.640               7.650
  4395.639      22.1     5.012    -4.376
  4395.643 106.00112     1.394    -3.368               3.456
  4395.645 106.00113     2.768    -1.277               3.456
  4395.656     607.0     0.798    -3.762               7.650
  4395.674     607.0     0.864    -4.541               7.650
  4395.678 106.00113     0.918    -3.749               3.456
  4395.708      70.1     7.047    -3.770
  4395.716 106.00113     3.076    -0.781               3.456
  4395.761      59.1     0.422    -0.730
  4395.761      69.1     4.254    -2.750
  4395.763 106.00113     3.076    -0.771               3.456
  4395.780      20.0     5.983    -4.864
  4395.780 106.00112     1.394    -3.498               3.456
  4395.788 106.00113     1.395    -1.594               3.456
  4395.839    22.1       1.243    -1.928
  4395.852      24.0     3.087    -3.940
  4395.863 106.00112     1.394    -1.594               3.456
  4395.869      27.0     2.542    -3.671
  4395.875 106.00113     1.394    -3.368               3.456
  4395.907     607.0     0.808    -4.092               7.650
  4395.910      60.1     0.550     -1.44                                 LAWLER 
  4395.922      24.1     8.316    -3.931
  4395.925      21.0     2.509    -0.847
  4395.946 106.00113     1.082    -1.457               3.456
  4395.956      69.0     1.893    -0.660
  4395.971 106.00113     1.082    -1.479               3.456
  4395.985      21.0     2.146    -2.607
  4395.990      26.0     4.256    -2.408
  4395.999 106.00112     1.147    -3.749               3.456
  4396.000 106.00112     1.019    -1.482               3.456
  4396.004 106.00113     1.042    -3.603               3.456
  4396.021     607.0     0.791    -4.181               7.650
  4396.029 106.00113     2.768    -1.266               3.456
  4396.037 106.00113     2.684    -4.930               3.456
  4396.046     607.0     0.961    -4.186               7.650
  4396.047 106.00113     1.914    -3.874               3.456
  4396.055 106.00112     1.019    -3.718               3.456
  4396.084 106.00112     1.148    -1.281               3.456
  4396.089 106.00112     1.042    -3.603               3.456
  4396.118 106.00112     1.042    -1.658               3.456
  4396.136 106.00112     1.394    -1.637               3.456
  4396.136 106.00112     1.147    -1.298               3.456
  4396.138 106.00112     1.042    -1.683               3.456
  4396.145 106.00112     1.019    -1.498               3.456
  4396.153     107.0     2.862    -4.934               3.450
  4396.153 106.00113     2.455    -3.889               3.456
  4396.164      24.0     3.449    -2.811
  4396.186 106.00113     1.019    -3.718               3.456
  4396.203 106.00112     2.684    -2.209               3.456
  4396.219 106.00112     1.394    -3.368               3.456
  4396.221      23.1     7.938    -3.395
  4396.230 106.00113     1.567    -3.753               3.456
  4396.252 106.00113     0.488    -4.369               3.456
  4396.265 106.00113     0.993    -1.319               3.456
  4396.298 106.00112     1.395    -3.498               3.456
  4396.299      21.0     3.172    -4.101
  4396.301     607.0     0.766    -4.926               7.650
  4396.306 106.00112     2.684    -4.930               3.456
  4396.333 106.00113     1.567    -3.753               3.456
  4396.358      26.0     4.580    -4.003
  4396.367      26.0     4.387    -3.763
  4396.381 106.00112     1.395    -1.594               3.456
  4396.399 106.00113     1.147    -3.749               3.456
  4396.426 106.00112     2.684    -2.196               3.456
  4396.467      21.0     2.509    -2.348
  4396.467      23.0     2.379    -2.254
  4396.479      90.1     1.123    -1.464
  4396.486 106.00112     1.082    -3.725               3.456
  4396.492      70.1     3.318    -2.500
  4396.496      69.0     1.088    -1.300
  4396.509      27.0     4.064    -3.552
  4396.520 106.00112     0.488    -4.369               3.456
  4396.532 106.00113     0.993    -1.338               3.456
  4396.544      24.1     8.415    -2.890
  4396.545      58.1     0.869     -0.96                                        
  4396.562      24.0     3.087    -3.030
  4396.565      26.0     4.580    -3.261
  4396.577 106.00113     1.229    -1.262               3.456
  4396.582 106.00112     1.082    -1.479               3.456
  4396.586 106.00112     1.082    -1.457               3.456
  4396.604 106.00113     3.569    -4.211               3.456
  4396.608      21.0     3.083    -3.110
  4396.609      58.1     0.559     -1.39                                 LAWLER 
  4396.637 106.00113     1.082    -3.725               3.456
  4396.646 106.00113     0.686    -4.489               3.456
  4396.662 106.00113     1.229    -1.279               3.456
  4396.662 106.00113     3.183    -1.125               3.456
  4396.663      42.0     3.078    -0.572
  4396.701      27.0     2.718    -2.909
  4396.716      20.0     6.013    -4.071
  4396.803      75.0     2.024    -2.160
  4396.805      23.1     6.556    -3.307
  4396.843 106.00113     3.183    -1.115               3.456
  4396.878 106.00113     1.914    -1.177               3.456
  4396.903 106.00113     0.488    -4.369               3.456
  4396.907      28.0     3.542    -2.298
  4396.915 106.00113     3.569    -4.202               3.456
  4396.921 106.00112     0.993    -1.319               3.456
  4396.929 106.00113     0.777    -4.421               3.456
  4396.944      27.1     5.068    -2.813
  4396.946     607.0     0.846    -3.844               7.650
  4396.956      26.0     4.178    -3.895
  4396.997      69.1     4.355    -2.770
  4397.035      41.0     1.500    -0.870
  4397.037 106.00112     0.993    -3.749               3.456
  4397.037 106.00112     1.567    -3.753               3.456
  4397.052 106.00113     1.914    -1.160               3.456
  4397.074 106.00113     0.686    -2.268               3.456
  4397.076      25.0     3.135    -4.592
  4397.097 106.00112     1.914    -1.177               3.456
  4397.104 106.00112     3.569    -4.211               3.456
  4397.109      21.0     2.320    -2.503
  4397.115      69.1     3.824    -1.950
  4397.139 106.00112     1.567    -3.753               3.456
  4397.147 106.00113     1.423    -3.542               3.456
  4397.149 106.00113     0.686    -2.218               3.456
  4397.159 106.00112     1.914    -3.874               3.456
  4397.164 106.00112     0.993    -1.338               3.456
  4397.172 106.00112     0.488    -4.369               3.456
  4397.183      58.1     0.875     -1.79                                 LAWLER 
  4397.186 106.00113     2.234    -3.994               3.456
  4397.192 106.00112     1.914    -3.874               3.456
  4397.219 106.00112     1.229    -3.749               3.456
  4397.225      27.0     4.049    -3.122
  4397.228 106.00113     1.423    -1.592               3.456
  4397.236      24.0     3.011    -1.060
  4397.249     607.0     0.976    -3.952               7.650
  4397.250      69.1     2.185    -3.990
  4397.253 106.00112     1.914    -1.160               3.456
  4397.265      76.0     1.747    -1.290
  4397.273 106.00112     0.777    -4.421               3.456
  4397.276      58.1     0.899     -1.30                                 LAWLER 
  4397.291      42.0     2.260    -1.101
  4397.298      23.0     2.359    -1.085
  4397.301     607.0     0.820    -3.694               7.650
  4397.302 106.00112     1.229    -1.262               3.456
  4397.321     607.0     0.780    -4.429               7.650
  4397.324     607.0     0.820    -4.675               7.650
  4397.337     607.0     0.780    -4.272               7.650
  4397.342 106.00112     3.476    -4.544               3.456
  4397.343      62.0     0.101    -0.638
  4397.364 106.00112     1.229    -1.279               3.456
  4397.364      21.0     2.139    -3.209
  4397.368 106.00113     0.993    -3.749               3.456
  4397.368      23.0     1.849    -1.698
  4397.371     107.0     2.863    -4.885               3.450
  4397.375 106.00112     3.476    -4.553               3.456
  4397.417      68.0     1.333    -0.417
  4397.420 106.00112     3.569    -4.202               3.456
  4397.435 106.00113     0.777    -4.421               3.456
  4397.492      69.1     4.368    -1.300
  4397.499 106.00113     1.423    -1.555               3.456
  4397.509      64.1     1.233    -0.360
  4397.513 106.00113     3.198    -4.930               3.456
  4397.522     607.0     0.805    -4.644               7.650
  4397.542     607.0     0.805    -3.727               7.650
  4397.546      24.1     8.416    -3.882
  4397.576 106.00113     0.686    -4.508               3.456
  4397.580 106.00113     1.423    -3.401               3.456
  4397.585     607.0     1.052    -4.978               7.650
  4397.644 106.00112     3.198    -2.060               3.456
  4397.658 106.00113     1.229    -3.749               3.456
  4397.658     607.0     0.864    -4.535               7.650
  4397.670      60.1     0.559     -1.48                                 LAWLER 
  4397.713      22.0     2.495    -0.816
  4397.729 106.00113     3.467    -2.326               3.456
  4397.731 106.00112     2.234    -3.994               3.456
  4397.738      26.0     4.178    -4.246
  4397.746     607.0     0.934    -4.856               7.650
  4397.752 106.00113     1.313    -1.245               3.456
  4397.765     607.0     0.865    -3.836               7.650
  4397.780 106.00112     0.777    -4.421               3.456
  4397.780 106.00113     1.424    -3.542               3.456
  4397.793 106.00112     3.198    -4.930               3.456
  4397.795     607.0     0.865    -4.452               7.650
  4397.797      44.0     1.131    -1.360
  4397.797 106.00112     2.234    -1.508               3.456
  4397.799 106.00113     1.070    -1.299               3.456
  4397.822 106.00112     1.423    -1.592               3.456
  4397.842      23.0     2.359    -0.523
  4397.843 106.00113     1.313    -1.261               3.456
  4397.847 106.00113     3.467    -2.317               3.456
  4397.870 106.00112     2.234    -1.524               3.456
  4397.878     607.0     1.093    -4.446               7.650
  4397.884 106.00113     1.914    -3.874               3.456
  4397.886      69.1     4.459    -3.310
  4397.888 106.00113     3.471    -4.232               3.456
  4397.898 106.00112     1.423    -3.401               3.456
  4397.915      90.1     0.831    -1.669
  4397.927 106.00113     1.424    -1.592               3.456
  4397.931      26.1     6.138    -3.656
  4397.946      23.1     6.522    -2.939
  4397.963 106.00112     3.198    -2.050               3.456
  4397.972      26.0     4.580    -2.086
  4398.010      39.1     0.129     -1.00                                BIEMONT 
  4398.013      60.1     0.630     -1.30                                        
  4398.019 106.00112     1.423    -3.542               3.456
  4398.073      22.0     0.900    -2.986
  4398.078 106.00113     3.471    -4.222               3.456
  4398.079 106.00113     2.458    -4.014               3.456
  4398.081 106.00113     1.070    -1.318               3.456
  4398.095 106.00112     1.423    -1.555               3.456
  4398.095      27.1     7.887    -2.188
  4398.122      21.0     2.001    -3.051
  4398.132 106.00113     1.424    -1.555               3.456
  4398.135      22.0     3.139    -3.540
  4398.259 106.00113     3.076    -3.946               3.456
  4398.267 106.00113     2.234    -1.508               3.456
  4398.269 106.00113     2.234    -1.524               3.456
  4398.279 106.00113     1.424    -3.401               3.456
  4398.279      22.0     2.396    -3.315
  4398.292    22.1       1.224    -2.654
  4398.319     607.0     0.897    -3.721               7.650
  4398.375     107.0     2.961    -2.515               3.450
  4398.390      24.0     3.096    -3.408
  4398.404      26.0     4.607    -2.426
  4398.420 106.00112     1.313    -3.749               3.456
  4398.444      73.0     0.249    -1.990
  4398.467     607.0     0.770    -4.886               7.650
  4398.478 106.00112     1.070    -1.299               3.456
  4398.498      23.1     3.328    -2.389
  4398.501 106.00112     1.313    -1.245               3.456
  4398.521 106.00112     1.424    -1.592               3.456
  4398.552 106.00113     1.138    -1.972               3.456
  4398.569 106.00112     1.313    -1.261               3.456
  4398.584     607.0     0.798    -4.139               7.650
  4398.596 106.00112     1.424    -3.401               3.456
  4398.606 106.00112     1.070    -3.749               3.456
  4398.616      28.0     3.543    -1.816
  4398.617 106.00113     1.090    -1.654               3.456
  4398.623 106.00113     1.084    -1.457               3.456
  4398.627      69.1     4.324    -2.270
  4398.646      69.1     4.435    -3.240
  4398.652 106.00112     1.424    -3.542               3.456
  4398.656      27.1     8.594    -2.943
  4398.658 106.00113     1.090    -1.631               3.456
  4398.680     107.0     2.961    -2.515               3.450
  4398.681 106.00112     2.771    -4.095               3.456
  4398.721      69.1     3.804    -2.850
  4398.728 106.00112     1.424    -1.555               3.456
  4398.737 106.00112     1.070    -1.318               3.456
  4398.778     107.0     2.862    -4.800               3.450
  4398.783      58.1     0.553     -0.76                                 LAWLER 
  4398.796     607.0     0.825    -4.086               7.650
  4398.803 106.00113     2.771    -4.095               3.456
  4398.805 106.00112     2.771    -1.266               3.456
  4398.813      23.0     2.723    -1.637
  4398.817 106.00113     1.138    -1.926               3.456
  4398.819 106.00113     1.084    -1.479               3.456
  4398.844      26.0     4.256    -2.328
  4398.855      22.0     3.128    -3.903
  4398.902 106.00113     1.313    -3.749               3.456
  4398.906 106.00113     1.138    -3.456               3.456
  4398.933 106.00112     2.771    -1.277               3.456
  4398.941 106.00113     1.399    -1.228               3.456
  4398.948 106.00113     1.149    -1.435               3.456
  4398.970 106.00113     1.070    -3.749               3.456
  4398.981 106.00113     1.149    -1.455               3.456
  4399.016      24.0     5.211    -1.588
  4399.035 106.00113     1.399    -1.244               3.456
  4399.063 106.00113     1.090    -3.609               3.456
  4399.066 106.00112     0.686    -2.268               3.456
  4399.080     607.0     1.052    -4.972               7.650
  4399.091     607.0     0.855    -3.823               7.650
  4399.094      90.1     2.515    -0.235
  4399.103 106.00112     0.686    -4.508               3.456
  4399.121 106.00112     0.686    -4.489               3.456
  4399.136 106.00112     1.138    -1.972               3.456
  4399.140 106.00112     1.090    -3.609               3.456
  4399.157 106.00112     0.686    -2.218               3.456
  4399.165      26.1     9.112    -3.367
  4399.171 106.00113     2.687    -2.196               3.456
  4399.192 106.00112     2.458    -0.936               3.456
  4399.198 106.00112     1.090    -1.654               3.456
  4399.200      58.1     0.326     -0.44                                 LAWLER 
  4399.204 106.00113     1.916    -3.874               3.456
  4399.220      27.0     3.687    -2.484
  4399.221 106.00112     1.138    -3.456               3.456
  4399.233      42.0     3.782    -1.065
  4399.243 106.00112     3.187    -1.115               3.456
  4399.260 106.00113     1.150    -1.281               3.456
  4399.264 106.00112     1.084    -1.457               3.456
  4399.268      26.0     4.435    -1.817
  4399.272 106.00112     1.090    -1.631               3.456
  4399.272      26.0     2.832    -4.218
  4399.279 106.00113     1.138    -1.972               3.456
  4399.332      24.1     6.285    -4.912
  4399.334 106.00112     1.084    -3.725               3.456
  4399.349 106.00112     2.458    -4.014               3.456
  4399.361     607.0     0.785    -4.422               7.650
  4399.377     607.0     0.785    -4.220               7.650
  4399.384 106.00112     3.187    -4.014               3.456
  4399.396      40.1     0.971     -1.90                                        
  4399.406      26.0     4.608    -2.238
  4399.407 106.00113     2.687    -2.209               3.456
  4399.413      23.0     1.051    -2.431
  4399.415      77.0     2.054    -0.920
  4399.415      24.0     3.087    -3.925
  4399.430 106.00112     1.084    -1.479               3.456
  4399.430 106.00112     2.458    -3.889               3.456
  4399.430 106.00112     1.138    -1.926               3.456
  4399.454      21.0     2.136    -2.768
  4399.474      58.1     0.869     -1.56                                 LAWLER 
  4399.479 106.00113     1.138    -1.926               3.456
  4399.485 106.00113     1.084    -3.725               3.456
  4399.519 106.00112     1.149    -3.725               3.456
  4399.539 106.00113     3.198    -2.060               3.456
  4399.542      58.1     0.932     -1.30                                 LAWLER 
  4399.552     607.0     0.812    -4.649               7.650
  4399.562 106.00113     1.150    -1.298               3.456
  4399.574     607.0     0.812    -3.695               7.650
  4399.580      66.1     1.463    -2.010
  4399.587 106.00112     2.458    -0.949               3.456
  4399.590      44.0     1.193    -1.880
  4399.593      28.0     3.847    -1.219
  4399.605     607.0     1.093    -4.436               7.650
  4399.609 106.00113     0.155    -4.304               3.456
  4399.618 106.00112     1.149    -1.435               3.456
  4399.622 106.00112     1.149    -1.455               3.456
  4399.632 106.00112     1.399    -3.873               3.456
  4399.632 106.00113     2.458    -0.936               3.456
  4399.634 106.00113     1.138    -3.456               3.456
  4399.645 106.00113     1.456    -3.590               3.456
  4399.646      23.1     6.534    -3.309
  4399.663 106.00113     1.278    -3.276               3.456
  4399.674 106.00112     3.187    -1.125               3.456
  4399.692 106.00113     1.149    -3.725               3.456
  4399.711 106.00112     1.399    -1.228               3.456
  4399.715      26.0     4.220    -4.683
  4399.720      69.0     2.338    -0.810
  4399.742 106.00113     1.279    -3.276               3.456
  4399.765    22.1       1.237    -1.186
  4399.774     607.0     0.828    -3.664               7.650
  4399.777 106.00113     1.455    -1.554               3.456
  4399.785 106.00112     1.399    -1.244               3.456
  4399.787      24.0     5.217    -1.610
  4399.799     607.0     0.828    -4.680               7.650
  4399.810      24.0     3.013    -1.070
  4399.851 106.00112     0.155    -4.304               3.456
  4399.860      62.1     0.544    -1.540
  4399.864 106.00112     1.138    -1.972               3.456
  4399.949 106.00112     1.138    -3.456               3.456
  4399.963 106.00112     1.150    -1.281               3.456
  4399.976 106.00113     2.458    -0.949               3.456
  4399.980 106.00113     3.198    -2.050               3.456
  4400.025 106.00113     1.456    -1.522               3.456
  4400.044 106.00113     1.278    -3.299               3.456
  4400.070      69.0     2.076    -1.480
  4400.093 106.00112     1.138    -1.926               3.456
  4400.096    18.1      16.444    -0.731
  4400.104 106.00112     1.150    -3.749               3.456
  4400.106 106.00113     3.080    -3.946               3.456
  4400.124 106.00113     1.279    -3.299               3.456
  4400.157 106.00113     1.455    -3.469               3.456
  4400.159 106.00113     1.399    -3.873               3.456
  4400.17       26.0     4.5      -1.4 
  4400.176 106.00113     1.487    -1.212               3.456
  4400.178      64.1     1.157    -1.370
  4400.205      74.0     2.353    -0.590
  4400.211 106.00113     1.916    -1.160               3.456
  4400.214      28.0     3.635    -2.700
  4400.233      40.0     0.730     -1.32                                        
  4400.242 106.00112     1.150    -1.298               3.456
  4400.255 106.00113     1.916    -1.177               3.456
  4400.275 106.00113     1.487    -1.227               3.456
  4400.279     607.0     0.875    -3.814               7.650
  4400.282 106.00113     1.091    -1.631               3.456
  4400.286 106.00113     0.155    -4.304               3.456
  4400.308      26.1     7.706    -2.595
  4400.311     607.0     0.876    -4.460               7.650
  4400.312 106.00112     1.278    -3.276               3.456
  4400.350 106.00112     1.916    -3.874               3.456
  4400.354 106.00112     3.471    -4.232               3.456
  4400.356      41.0     2.098    -0.580
  4400.357      26.0     4.638    -2.711
  4400.360 106.00113     1.091    -1.654               3.456
  4400.372 106.00113     3.187    -4.014               3.456
  4400.373 106.00112     1.455    -1.554               3.456
  4400.378      21.0     3.057    -3.291
  4400.386    21.1       0.605    -0.540
  4400.391 106.00112     1.279    -3.276               3.456
  4400.401 106.00113     1.456    -3.590               3.456
  4400.409      21.0     3.057    -4.244
  4400.412 106.00112     1.916    -1.160               3.456
  4400.443 106.00112     1.455    -3.469               3.456
  4400.474 106.00112     1.916    -1.177               3.456
  4400.488 106.00113     2.232    -4.693               3.456
  4400.505      69.1     4.461    -1.100
  4400.505 106.00113     1.150    -3.749               3.456
  4400.528 106.00112     0.155    -4.304               3.456
  4400.535      58.1     0.327     -1.26                                 LAWLER 
  4400.536 106.00112     1.916    -3.874               3.456
  4400.545     607.0     0.948    -4.864               7.650
  4400.550      26.0     4.218    -2.614
  4400.552 106.00112     1.456    -3.590               3.456
  4400.569      70.1     6.354    -2.490
  4400.570      22.0     2.480    -1.747
  4400.570      23.0     0.262    -0.410
  4400.574     607.0     0.897    -3.710               7.650
  4400.582      22.0     2.506    -0.328
  4400.587      76.0     4.052     0.110
  4400.606 106.00113     1.456    -1.554               3.456
  4400.616 106.00113     1.279    -2.988               3.456
  4400.621 106.00112     1.456    -1.522               3.456
  4400.631     607.0     0.997    -3.956               7.650
  4400.631 106.00112     1.278    -3.299               3.456
  4400.649 106.00112     3.471    -4.222               3.456
  4400.658      26.1     7.806    -3.820
  4400.667      42.0     2.063    -2.881
  4400.672 106.00113     1.232    -1.262               3.456
  4400.676 106.00113     1.279    -2.988               3.456
  4400.698      69.1     4.096    -1.910
  4400.711 106.00112     1.279    -3.299               3.456
  4400.757 106.00113     2.771    -1.277               3.456
  4400.764      64.0     0.927    -0.377
  4400.765 106.00113     2.771    -1.266               3.456
  4400.773      27.0     4.058    -3.510
  4400.780 106.00113     1.456    -1.522               3.456
  4400.784     607.0     0.775    -4.857               7.650
  4400.796 106.00113     0.458    -2.885               3.456
  4400.801      69.1     3.283    -1.080
  4400.805 106.00113     1.091    -3.609               3.456
  4400.820      60.1     0.064     -0.60                                 LAWLER 
  4400.823      41.0     1.505    -0.940
  4400.844 106.00112     2.818    -4.693               3.456
  4400.846      22.0     2.472    -1.242
  4400.858      28.0     3.655    -1.182
  4400.865      58.1     0.634     -0.95                                 LAWLER 
  4400.883 106.00112     1.091    -3.609               3.456
  4400.889 106.00112     1.487    -3.873               3.456
  4400.897 106.00112     1.091    -1.631               3.456
  4400.941 106.00112     1.091    -1.654               3.456
  4400.967      26.0     4.608    -4.947
  4400.968 106.00112     1.487    -1.212               3.456
  4400.986 106.00113     1.456    -3.469               3.456
  4400.986    18.1      16.407    -0.276
  4400.995 106.00113     1.232    -1.279               3.456
  4401.01       26.0     4.5      -1.0
  4401.030 106.00113     2.687    -4.930               3.456
  4401.034 106.00113     0.458    -4.369               3.456
  4401.038      23.0     2.374    -1.838
  4401.046 106.00112     1.487    -1.227               3.456
  4401.057 106.00112     2.687    -2.196               3.456
  4401.057 106.00113     0.458    -2.812               3.456
  4401.065      27.0     2.280    -4.368
  4401.111      22.0     3.161    -3.803
  4401.112      23.0     2.578    -3.176
  4401.147      26.0     4.260    -3.655
  4401.170      62.0     0.388     0.121
  4401.195 106.00112     3.080    -0.771               3.456
  4401.197 106.00112     2.687    -2.209               3.456
  4401.203 106.00112     1.456    -1.554               3.456
  4401.204      14.0     4.954    -4.108
  4401.244      23.1     6.556    -4.438
  4401.247 106.00113     1.033    -4.486               3.456
  4401.259     607.0     0.805    -4.099               7.650
  4401.263 106.00113     1.916    -3.874               3.456
  4401.272 106.00112     1.456    -3.469               3.456
  4401.279      26.0     4.435    -4.366
  4401.290      26.0     3.602    -1.050
  4401.292 106.00112     1.279    -2.988               3.456
  4401.300 106.00112     2.687    -4.930               3.456
  4401.307 106.00112     1.456    -3.590               3.456
  4401.331      70.1     7.520    -2.070
  4401.334 106.00112     3.080    -3.946               3.456
  4401.352 106.00112     1.279    -2.988               3.456
  4401.363     607.0     0.825    -4.079               7.650
  4401.377 106.00112     1.456    -1.522               3.456
  4401.381     607.0     0.865    -3.802               7.650
  4401.385      40.1     0.971     -1.90                                        
  4401.398 106.00112     1.232    -1.262               3.456
  4401.443    26.0       2.829    -2.147
  4401.443      70.1     6.020    -1.290
  4401.462 106.00113     1.487    -3.873               3.456
  4401.470 106.00112     3.080    -3.946               3.456
  4401.493 106.00113     1.576    -1.197               3.456
  4401.530      65.1     1.384    -0.310
  4401.530 106.00113     2.458    -3.889               3.456
  4401.536 106.00113     1.034    -4.486               3.456
  4401.538      28.0     3.193     0.040
  4401.539     607.0     0.791    -4.417               7.650
  4401.547      20.0     6.016    -2.797
  4401.553 106.00112     1.232    -3.749               3.456
  4401.554      20.0     5.728    -3.045
  4401.557     607.0     0.791    -4.173               7.650
  4401.573      14.0     4.954    -3.926
  4401.581      90.0     0.966    -0.858
  4401.594      23.0     2.638    -4.924
  4401.598 106.00113     1.576    -1.211               3.456
  4401.610 106.00112     3.080    -0.781               3.456
  4401.655      22.0     3.199    -3.898
  4401.689      24.1     8.308    -2.937
  4401.699 106.00112     1.232    -1.279               3.456
  4401.717     607.0     0.987    -4.186               7.650
  4401.718 106.00112     1.033    -4.486               3.456
  4401.736      23.0     1.195    -2.426
  4401.739 106.00112     3.276    -2.077               3.456
  4401.756      26.0     4.584    -3.720
  4401.817      70.1     7.020    -2.000
  4401.834 106.00113     1.151    -1.435               3.456
  4401.851      64.0     0.213    -0.168
  4401.919      26.0     4.301    -3.854
  4401.943 106.00113     1.219    -1.413               3.456
  4401.951      24.1     6.869    -4.266
  4401.978 106.00112     2.232    -4.693               3.456
  4401.981      22.0     2.117    -2.828
  4401.988 106.00113     1.219    -1.433               3.456
  4401.993 106.00113     1.232    -3.749               3.456
  4402.007 106.00112     1.034    -4.486               3.456
  4402.029      69.1     3.744    -2.160
  4402.051 106.00113     1.151    -1.455               3.456
  4402.051 106.00112     3.276    -2.068               3.456
  4402.059 106.00113     2.818    -4.693               3.456
  4402.065 106.00113     1.316    -1.245               3.456
  4402.081      20.0     5.987    -2.887
  4402.158      22.0     2.085    -4.657
  4402.164 106.00113     3.276    -2.077               3.456
  4402.176      69.1     3.247    -1.440
  4402.230 106.00112     1.576    -3.873               3.456
  4402.243      69.1     3.797    -1.020
  4402.247 106.00113     1.984    -3.874               3.456
  4402.296      70.1     4.754    -0.810
  4402.307 106.00112     1.576    -1.197               3.456
  4402.330      69.0     2.184    -2.260
  4402.347     607.0     0.836    -3.636               7.650
  4402.369      26.0     4.559    -5.0  
  4402.373     607.0     0.836    -4.685               7.650
  4402.391 106.00112     1.576    -1.211               3.456
  4402.404 106.00113     1.316    -1.261               3.456
  4402.431      92.1     1.055    -1.162
  4402.444     607.0     1.761    -4.856               7.650
  4402.459 106.00113     1.490    -3.643               3.456
  4402.462      60.0     0.293     -0.52                                        
  4402.481      42.0     3.359    -0.798
  4402.481      24.0     3.113    -4.523
  4402.493      69.1     3.580    -3.200
  4402.500      73.0     1.147    -1.130
  4402.505 106.00112     1.151    -1.435               3.456
  4402.509      42.0     3.444    -1.609
  4402.515 106.00113     3.276    -2.068               3.456
  4402.520      17.0     9.029    -2.530
  4402.535      56.0     1.566      0.01                                        
  4402.548 106.00112     1.219    -3.725               3.456
  4402.550      20.0     4.769    -2.867
  4402.558      23.1     6.258    -1.571
  4402.581      27.1     5.068    -3.234
  4402.590 106.00112     1.151    -3.725               3.456
  4402.601      70.1     5.517    -3.160
  4402.601      57.0     1.120     -0.34                                        
  4402.602      75.0     1.867    -1.350
  4402.637 106.00113     1.490    -1.521               3.456
  4402.643 106.00112     1.219    -1.413               3.456
  4402.651 106.00113     3.201    -4.930               3.456
  4402.654 106.00113     3.080    -0.771               3.456
  4402.658 106.00112     1.219    -5.0                 3.456
  4402.663      69.1     2.620    -3.230
  4402.668      27.0     3.514    -5.0  
  4402.693 106.00112     1.151    -1.455               3.456
  4402.744 106.00113     1.219    -3.725               3.456
  4402.746      76.0     3.513     0.320
  4402.763 106.00113     1.151    -3.725               3.456
  4402.790     607.0     0.997    -3.943               7.650
  4402.815 106.00112     1.316    -1.245               3.456
  4402.823      70.1     4.347    -2.890
  4402.854 106.00113     1.576    -3.873               3.456
  4402.864 106.00113     1.490    -1.492               3.456
  4402.866 106.00113     3.187    -1.115               3.456
  4402.877      26.1     6.138    -2.563
  4402.898      42.0     3.033    -0.712
  4402.903 106.00112     0.458    -2.885               3.456
  4402.920 106.00113     1.555    -3.653               3.456
  4402.922 106.00112     0.458    -4.369               3.456
  4402.927      90.0     0.356    -1.462
  4402.932 106.00112     3.201    -4.930               3.456
  4402.938 106.00113     1.668    -1.182               3.456
  4402.963      40.0     0.520     -1.65                                        
  4402.964     107.0     2.708    -4.951               3.450
  4402.967 106.00113     3.080    -0.781               3.456
  4402.976 106.00113     1.555    -3.653               3.456
  4402.982 106.00112     1.316    -3.749               3.456
  4403.020      17.0     8.922    -1.300
  4403.033      26.1     7.707    -2.067
  4403.037      62.1     0.185    -1.690
  4403.042 106.00113     1.490    -3.511               3.456
  4403.043      70.1     5.633    -2.990
  4403.046 106.00113     1.668    -1.196               3.456
  4403.08       26.0     5.0      -1.2
  4403.091      21.0     5.029    -2.738
  4403.095 106.00113     3.187    -1.125               3.456
  4403.102 106.00112     3.201    -2.050               3.456
  4403.124     607.0     0.887    -4.532               7.650
  4403.130      62.0     0.282     0.130
  4403.131 106.00112     1.316    -1.261               3.456
  4403.133      64.0     0.985     0.466
  4403.135      26.0     4.584    -3.362
  4403.141 106.00113     1.984    -1.160               3.456
  4403.173      68.1     2.212    -0.224
  4403.175      26.0     4.549    -1.0  
  4403.198      25.0     3.772    -3.194
  4403.213 106.00112     0.458    -2.812               3.456
  4403.228 106.00112     3.202    -2.060               3.456
  4403.234 106.00112     1.490    -1.521               3.456
  4403.236 106.00113     1.142    -1.627               3.456
  4403.254      25.0     2.888    -4.128
  4403.259     607.0     0.780    -4.835               7.650
  4403.259 106.00113     1.142    -1.607               3.456
  4403.300 106.00112     1.490    -3.511               3.456
  4403.304      58.1     1.405     -0.53                                        
  4403.318 106.00113     1.984    -1.143               3.456
  4403.326     107.0     2.844    -4.948               3.450
  4403.338      40.1     1.184     -1.18                                Ljung06 
  4403.342      26.0     4.584    -2.272
  4403.343 106.00112     1.984    -1.160               3.456
  4403.347 106.00113     1.491    -3.643               3.456
  4403.353      20.0     5.962    -3.930
  4403.367      62.1     0.188    -1.060
  4403.370 106.00113     2.543    -4.014               3.456
  4403.370      24.0     3.011    -1.370
  4403.397 106.00112     1.490    -3.643               3.456
  4403.407 106.00112     1.984    -3.874               3.456
  4403.408      26.0     4.218    -3.017
  4403.411 106.00113     2.300    -3.994               3.456
  4403.438 106.00112     1.984    -3.874               3.456
  4403.463 106.00112     1.490    -1.492               3.456
  4403.465 106.00113     1.316    -3.749               3.456
  4403.466     607.0     0.987    -4.178               7.650
  4403.469 106.00113     1.402    -1.228               3.456
  4403.488      24.0     3.980    -4.309
  4403.502 106.00112     1.984    -1.143               3.456
  4403.512      25.1     6.573    -1.804
  4403.554 106.00112     3.487    -0.652               3.456
  4403.582      69.1     3.618    -3.650
  4403.595      59.1     0.630    -0.591
  4403.607 106.00113     1.491    -1.521               3.456
  4403.662      20.0     5.299    -4.910
  4403.665      23.0     1.868    -0.959
  4403.668      69.1     4.469    -2.110
  4403.692      24.0     3.980    -3.900
  4403.696 106.00112     1.668    -3.873               3.456
  4403.715 106.00113     1.142    -3.682               3.456
  4403.750 106.00112     1.555    -3.653               3.456
  4403.752 106.00113     1.491    -1.492               3.456
  4403.772 106.00112     1.668    -1.182               3.456
  4403.783 106.00112     1.142    -3.682               3.456
  4403.789      77.0     1.515    -1.950
  4403.793      27.0     3.665    -2.157
  4403.794     607.0     0.876    -3.782               7.650
  4403.806 106.00112     1.555    -3.653               3.456
  4403.814      24.0     4.402    -2.978
  4403.818      24.1     8.227    -4.159
  4403.824 106.00113     1.402    -1.244               3.456
  4403.843 106.00112     2.300    -1.510               3.456
  4403.851 106.00112     1.142    -1.627               3.456
  4403.854     607.0     0.798    -4.415               7.650
  4403.857 106.00113     2.234    -4.693               3.456
  4403.861 106.00112     1.668    -1.196               3.456
  4403.874     607.0     0.798    -4.130               7.650
  4403.882      26.0     4.256    -3.967
  4403.905 106.00112     1.142    -1.607               3.456
  4403.921     607.0     0.916    -3.710               7.650
  4403.945      74.0     2.109    -0.890
  4403.946 106.00112     2.300    -3.994               3.456
  4403.966      26.0     4.154    -1.940
  4403.994      20.0     5.300    -4.684
  4404.012 106.00113     1.491    -3.511               3.456
  4404.018 106.00112     2.300    -1.494               3.456
  4404.028      24.0     3.890    -3.818
  4404.043 106.00113     1.171    -1.917               3.456
  4404.051     607.0     1.761    -4.852               7.650
  4404.082      20.0     4.780    -3.607
  4404.082      26.0     3.929    -2.178
  4404.084     607.0     0.812    -4.063               7.650
  4404.163      26.1     9.836    -1.913
  4404.170      20.0     6.018    -1.887
  4404.195      26.1     7.708    -4.668
  4404.197      70.1     6.189    -2.580
  4404.204 106.00112     1.491    -1.521               3.456
  4404.210 106.00113     1.984    -3.874               3.456
  4404.216      76.0     1.887    -1.600
  4404.218      21.0     2.509    -1.074
  4404.241 106.00112     1.402    -1.228               3.456
  4404.255      27.0     2.542    -4.368
  4404.268      22.0     2.250    -0.008
  4404.270 106.00112     1.491    -3.511               3.456
  4404.278 106.00113     1.171    -1.877               3.456
  4404.286 106.00112     1.491    -3.643               3.456
  4404.289      22.0     2.250    -0.563
  4404.315 106.00113     2.300    -1.510               3.456
  4404.352 106.00112     1.491    -1.492               3.456
  4404.373     607.0     0.842    -4.073               7.650
  4404.375 106.00113     1.668    -3.873               3.456
  4404.389      22.0     1.053    -1.507
  4404.414 106.00112     2.543    -3.889               3.456
  4404.421 106.00112     1.402    -3.873               3.456
  4404.421 106.00113     1.171    -3.501               3.456
  4404.459      20.1     8.438    -3.847
  4404.459      20.1     8.438    -2.547
  4404.507      22.0     2.778    -3.538
  4404.520 106.00112     2.543    -0.924               3.456
  4404.530      26.0     4.584    -3.524
  4404.543      42.0     2.076    -1.995
  4404.557 106.00113     1.761    -1.167               3.456
  4404.565 106.00113     2.300    -1.494               3.456
  4404.571 106.00112     2.543    -0.936               3.456
  4404.575 106.00112     1.402    -1.244               3.456
  4404.630      20.1     8.438    -2.701
  4404.658 106.00112     1.171    -1.917               3.456
  4404.666      23.1     1.817    -2.170
  4404.668 106.00113     1.761    -1.181               3.456
  4404.678 106.00112     2.543    -4.014               3.456
  4404.730      40.1     1.827     -1.68                                Ljung06 
  4404.736 106.00112     1.171    -3.501               3.456
  4404.753      26.0     4.584    -3.097
  4404.801      69.1     4.235    -1.920
  4404.814      44.0     2.113    -1.140
  4404.849      26.0     4.584    -2.607
  4404.870 106.00113     0.734    -4.496               3.456
  4404.876 106.00113     3.574    -4.202               3.456
  4404.879 106.00113     3.574    -4.211               3.456
  4404.896      22.0     1.879    -0.333
  4404.909 106.00113     1.172    -1.917               3.456
  4404.916 106.00113     1.490    -1.212               3.456
  4404.924 106.00112     1.171    -1.877               3.456
  4404.930      27.0     2.630    -2.863
  4404.949 106.00113     1.402    -3.873               3.456
  4404.953 106.00113     1.291    -1.392               3.456
  4404.961 106.00112     2.821    -4.693               3.456
  4404.977     107.0     2.844    -4.847               3.450
  4405.002      23.0     1.853    -0.919
  4405.010 106.00113     1.291    -1.411               3.456
  4405.010     107.0     3.160    -4.454               3.450
  4405.011 106.00113     2.543    -0.936               3.456
  4405.012      23.0     0.275    -2.400
  4405.015 106.00113     2.543    -0.924               3.456
  4405.019    26.0       0.052    -5.221
  4405.028      42.0     2.523    -2.158
  4405.041 106.00113     1.221    -1.413               3.456
  4405.041 106.00113     1.290    -2.816               3.456
  4405.062      25.1     7.382    -4.941
  4405.068 106.00113     1.143    -1.607               3.456
  4405.072 106.00113     1.172    -1.877               3.456
  4405.082      21.0     2.139    -2.561
  4405.106     607.0     0.887    -4.526               7.650
  4405.109     607.0     0.845    -3.609               7.650
  4405.124 106.00113     3.201    -2.050               3.456
  4405.128 106.00113     3.202    -2.060               3.456
  4405.136     607.0     0.846    -4.691               7.650
  4405.173 106.00113     1.143    -1.627               3.456
  4405.175 106.00113     1.291    -2.816               3.456
  4405.192      56.1     6.196     -1.64                                        
  4405.198      26.0     4.652    -4.659
  4405.210      20.0     5.821    -2.483
  4405.270      63.1     2.089     -1.54                                        
  4405.279 106.00113     1.221    -1.433               3.456
  4405.285 106.00113     1.490    -1.227               3.456
  4405.287 106.00113     1.172    -3.501               3.456
  4405.287      24.0     2.708    -3.881
  4405.293      58.1     0.634     -1.47                                 LAWLER 
  4405.336 106.00112     1.761    -3.873               3.456
  4405.349 106.00112     2.234    -4.693               3.456
  4405.353      69.1     3.934    -1.710
  4405.353 106.00113     1.290    -3.277               3.456
  4405.355      26.1     7.706    -4.684
  4405.361 106.00113     0.734    -2.218               3.456
  4405.382 106.00112     3.574    -4.202               3.456
  4405.382 106.00112     3.574    -4.211               3.456
  4405.402      26.0     3.929    -3.384
  4405.411 106.00112     1.761    -1.167               3.456
  4405.419 106.00113     0.734    -2.169               3.456
  4405.420     607.0     1.120    -4.438               7.650
  4405.468      58.1     0.634     -1.04                                 LAWLER 
  4405.487 106.00113     1.291    -3.277               3.456
  4405.490      22.0     2.778    -4.238
  4405.503 106.00112     1.761    -1.181               3.456
  4405.508 106.00113     0.521    -4.372               3.456
  4405.518 106.00113     3.080    -3.946               3.456
  4405.524 106.00112     1.172    -1.917               3.456
  4405.588 106.00113     1.986    -3.874               3.456
  4405.592 106.00112     1.291    -3.822               3.456
  4405.602 106.00112     1.172    -3.501               3.456
  4405.602 106.00113     1.528    -3.651               3.456
  4405.640      62.1     0.434    -1.850
  4405.652 106.00113     1.143    -3.682               3.456
  4405.682      22.0     1.053    -1.870
  4405.685 106.00112     1.291    -1.392               3.456
  4405.710 106.00112     1.291    -1.411               3.456
  4405.710 106.00112     1.490    -1.212               3.456
  4405.714 106.00112     1.143    -1.607               3.456
  4405.718 106.00112     1.290    -2.816               3.456
  4405.718 106.00112     1.172    -1.877               3.456
  4405.720 106.00112     1.143    -3.682               3.456
  4405.728      25.0     3.771    -3.261
  4405.741 106.00112     1.221    -1.413               3.456
  4405.743 106.00113     1.291    -2.650               3.456
  4405.761      23.0     2.708    -2.679
  4405.767      23.0     2.581    -3.127
  4405.788 106.00112     1.143    -1.627               3.456
  4405.794 106.00113     3.476    -4.222               3.456
  4405.805 106.00112     0.521    -4.372               3.456
  4405.810      69.1     4.174    -2.780
  4405.813 106.00113     1.291    -3.822               3.456
  4405.818      24.0     3.092    -2.986
  4405.824      59.1     0.550    -0.392
  4405.827 106.00113     1.528    -1.492               3.456
  4405.840 106.00112     1.221    -3.725               3.456
  4405.852 106.00112     1.291    -2.816               3.456
  4405.852 106.00113     1.291    -2.650               3.456
  4405.858     607.0     0.785    -4.819               7.650
  4405.876      27.0     3.952    -2.049
  4405.882     607.0     0.898    -3.774               7.650
  4405.901 106.00112     1.490    -3.873               3.456
  4405.910 106.00113     0.734    -4.517               3.456
  4405.916     607.0     0.898    -4.476               7.650
  4405.932 106.00113     3.476    -4.232               3.456
  4405.943 106.00112     1.290    -3.277               3.456
  4405.947      24.0     3.101    -3.325
  4405.951 106.00112     1.221    -1.433               3.456
  4405.955      24.1     6.822    -4.945
  4405.968      14.0     4.930    -4.285
  4405.986 106.00113     3.487    -0.652               3.456
  4405.987     8.1      26.249    -1.300
  4406.037 106.00113     1.528    -1.467               3.456
  4406.037 106.00113     1.221    -3.725               3.456
  4406.056      24.0     3.101    -3.104
  4406.058 106.00112     1.490    -1.227               3.456
  4406.072      23.0     1.064    -1.000
  4406.072      25.0     3.771    -3.561
  4406.073 106.00113     1.761    -3.873               3.456
  4406.077 106.00112     1.291    -3.277               3.456
  4406.082      25.0     3.772    -3.058
  4406.084      27.0     3.530    -2.839
  4406.122      26.0     3.929    -2.741
  4406.125     607.0     0.916    -3.699               7.650
  4406.161      23.0     1.893    -0.512
  4406.164      24.0     3.122    -4.017
  4406.169      24.0     3.092    -2.088
  4406.178 106.00113     2.821    -4.693               3.456
  4406.231      23.1     1.793    -4.579
  4406.262 106.00113     1.528    -3.556               3.456
  4406.269      24.0     3.087    -2.512
  4406.301 106.00113     0.522    -4.372               3.456
  4406.324 106.00113     2.998    -2.447               3.456
  4406.342     607.0     0.805    -4.415               7.650
  4406.356     607.0     1.018    -3.946               7.650
  4406.359      24.0     5.239    -2.306
  4406.363     607.0     0.805    -4.090               7.650
  4406.407 106.00113     1.855    -1.153               3.456
  4406.427 106.00112     1.528    -1.492               3.456
  4406.444 106.00113     1.580    -1.197               3.456
  4406.446 106.00112     1.291    -2.650               3.456
  4406.460      75.0     2.022    -1.060
  4406.474      24.1     8.264    -3.021
  4406.475 106.00113     1.490    -3.873               3.456
  4406.486     107.0     3.131    -4.312               3.450
  4406.487 106.00112     1.528    -3.556               3.456
  4406.489     607.0     0.836    -4.669               7.650
  4406.500      26.0     4.220    -2.117
  4406.507 106.00113     2.998    -2.436               3.456
  4406.515     607.0     0.836    -3.610               7.650
  4406.520 106.00113     1.855    -1.166               3.456
  4406.532      41.0     0.740    -1.930
  4406.543 106.00113     0.805    -4.424               3.456
  4406.555 106.00112     1.291    -2.650               3.456
  4406.576 106.00112     1.528    -3.651               3.456
  4406.591     107.0     3.191    -4.937               3.450
  4406.592     607.0     1.083    -4.972               7.650
  4406.598 106.00112     0.522    -4.372               3.456
  4406.629 106.00113     1.528    -3.651               3.456
  4406.633      23.0     0.301    -0.190
  4406.637 106.00112     1.528    -1.467               3.456
  4406.645      26.0     4.283    -3.210
  4406.656      64.1     1.425    -0.050
  4406.658 106.00113     2.543    -3.889               3.456
  4406.660 106.00113     1.986    -1.143               3.456
  4406.676      25.0     3.373    -3.909
  4406.683      24.0     5.211    -0.301
  4406.697 106.00113     2.302    -3.994               3.456
  4406.700      24.0     4.186    -3.964
  4406.703      22.0     3.128    -4.166
  4406.716 106.00113     1.986    -1.160               3.456
  4406.766      69.1     4.174    -2.840
  4406.768      26.0     4.607    -2.925
  4406.780 106.00112     1.986    -3.874               3.456
  4406.782      26.0     3.943    -3.519
  4406.817      14.0     7.064    -3.805
  4406.827 106.00113     1.580    -1.211               3.456
  4406.828      56.0     1.674     -0.83                                        
  4406.845 106.00112     1.986    -1.143               3.456
  4406.863      42.0     3.717    -0.682
  4406.869      22.0     2.408    -1.422
  4406.918 106.00112     1.986    -1.160               3.456
  4406.918 106.00112     0.805    -4.424               3.456
  4406.929      24.0     4.204    -2.771
  4406.931     607.0     0.843    -4.066               7.650
  4406.939      26.0     4.143    -3.930
  4406.944 106.00113     1.528    -1.492               3.456
  4406.952      22.0     3.179    -1.647
  4406.982 106.00112     1.986    -3.874               3.456
  4406.990      26.0     2.559    -4.250
  4407.006      25.0     2.888    -2.836
  4407.019      24.0     3.892    -2.962
  4407.026     607.0     0.820    -4.029               7.650
  4407.050      66.0     1.239    -2.100
  4407.064 106.00113     1.528    -1.467               3.456
  4407.070      60.1     0.064     -1.48                                        
  4407.145     607.0     1.120    -4.429               7.650
  4407.173 106.00113     0.806    -4.424               3.456
  4407.190      69.1     3.955    -1.900
  4407.206 106.00112     1.855    -3.873               3.456
  4407.233 106.00112     2.302    -3.994               3.456
  4407.234      26.0     3.603    -3.084
  4407.257      25.0     3.772    -2.706
  4407.260 106.00112     1.580    -1.197               3.456
  4407.267      25.0     3.772    -3.065
  4407.272      58.1     0.700     -0.71                                 LAWLER 
  4407.280 106.00112     1.855    -1.153               3.456
  4407.294      28.1     8.767    -1.858
  4407.305 106.00112     2.302    -1.494               3.456
  4407.354      20.0     5.964    -4.081
  4407.375 106.00112     1.855    -1.166               3.456
  4407.377 106.00112     0.734    -2.218               3.456
  4407.379 106.00113     1.528    -3.556               3.456
  4407.385 106.00112     2.302    -1.510               3.456
  4407.410 106.00112     0.734    -4.496               3.456
  4407.416 106.00112     0.734    -4.517               3.456
  4407.417      28.0     4.154    -3.747
  4407.436      24.0     5.226    -2.134
  4407.447      21.0     2.146    -3.444
  4407.449 106.00112     0.734    -2.169               3.456
  4407.460 106.00112     1.580    -3.873               3.456
  4407.486      62.1     0.248    -1.779
  4407.516      69.1     3.091    -2.760
  4407.521     107.0     3.108    -4.476               3.450
  4407.531      23.0     1.081    -4.681
  4407.544 106.00112     1.528    -1.492               3.456
  4407.548 106.00112     0.806    -4.424               3.456
  4407.604 106.00112     1.528    -3.651               3.456
  4407.604 106.00112     1.528    -3.556               3.456
  4407.622 106.00112     1.580    -1.211               3.456
  4407.638      23.0     0.287     0.010
  4407.640      70.1     5.985    -1.780
  4407.657      26.0     3.017    -2.401
  4407.664 106.00112     1.528    -1.467               3.456
  4407.672    22.1       1.221    -2.617
  4407.709      26.0     2.176    -2.103
  4407.711      24.0     3.011    -2.139
  4407.729     107.0     3.126    -4.955               3.450
  4407.774      26.0     4.608    -4.703
  4407.781      24.0     3.092    -2.413
  4407.787 106.00113     1.986    -3.874               3.456
  4407.853 106.00113     2.302    -1.494               3.456
  4407.857 106.00113     2.302    -1.510               3.456
  4407.866      27.1     8.634    -2.627
  4407.883      23.0     2.365    -1.779
  4407.887     107.0     3.108    -4.459               3.450
  4407.907 106.00113     1.197    -1.604               3.456
  4407.915 106.00113     1.197    -1.585               3.456
  4407.935     4.0       5.277    -1.531
  4407.940      24.0     3.887    -2.646
  4407.984      23.0     2.097    -2.990
  4408.005 106.00113     1.855    -3.873               3.456
  4408.005 106.00113     1.365    -1.372               3.456
