Y 4854 +/-10 A
  4844.871 106.00113     2.592    -2.585               3.456
  4844.874      22.0     2.506    -2.592
  4844.887 106.00112     2.589    -2.343               3.456
  4844.908 106.00113     0.685    -4.857               3.456
  4844.918 106.00112     1.279    -4.246               3.456
  4844.927 106.00113     0.777    -4.524               3.456
  4844.948 106.00112     2.517    -2.343               3.456
  4844.954      42.0     3.444    -1.450
  4844.958 106.00113     0.777    -2.718               3.456
  4844.974      69.1     3.102    -3.480
  4844.991 106.00112     1.279    -4.246               3.456
  4845.082 106.00112     2.517    -2.358               3.456
  4845.124      23.0     2.678    -4.217
  4845.130     607.0     0.295    -4.065               7.650
  4845.131 106.00112     2.589    -2.329               3.456
  4845.132      22.0     2.236    -3.282
  4845.162     607.0     0.346    -4.070               7.650
  4845.166      28.0     3.699    -2.20
  4845.168      42.0     3.443    -0.900
  4845.171      26.0     4.607    -4.139
  4845.174      41.0     1.550    -1.200
  4845.197     607.0     0.255    -4.858               7.650
  4845.200 106.00112     1.279    -3.106               3.456
  4845.201     607.0     0.255    -4.678               7.650
  4845.229     607.0     0.254    -4.910               7.650
  4845.231     607.0     0.254    -4.933               7.650
  4845.268 106.00113     3.463    -2.476               3.456
  4845.268 106.00113     0.664    -3.117               3.456
  4845.272 106.00112     1.279    -3.106               3.456
  4845.272 106.00113     0.664    -3.117               3.456
  4845.284 106.00113     3.630    -1.317               3.456
  4845.303 106.00113     0.777    -2.669               3.456
  4845.322      28.0     3.539    -2.410
  4845.326 106.00112     1.828    -4.948               3.456
  4845.327     607.0     0.256    -4.810               7.650
  4845.333     607.0     0.256    -4.516               7.650
  4845.333 106.00113     0.777    -4.368               3.456
  4845.347 106.00113     3.630    -1.307               3.456
  4845.353      26.1     8.193    -2.375
  4845.357     607.0     0.461    -4.302               7.650
  4845.362 106.00113     2.592    -2.596               3.456
  4845.376      77.0     1.467    -2.680
  4845.381      22.0     0.900    -4.246
  4845.418 106.00112     1.270    -4.264               3.456
  4845.434      24.1     8.353    -4.114
  4845.444 106.00112     1.828    -4.948               3.456
  4845.448 106.00112     1.270    -4.264               3.456
  4845.451      23.0     3.113    -3.105
  4845.512     607.0     0.404    -4.890               7.650
  4845.532      58.0     0.000     -0.54                                        
  4845.535     607.0     0.324    -3.994               7.650
  4845.559 106.00113     0.686    -4.911               3.456
  4845.564     607.0     0.324    -4.473               7.650
  4845.619     607.0     0.258    -4.773               7.650
  4845.625 106.00112     3.289    -2.093               3.456
  4845.626     607.0     0.284    -3.959               7.650
  4845.627     607.0     0.258    -4.393               7.650
  4845.645     607.0     0.284    -4.723               7.650
  4845.647      26.0     3.635    -2.00
  4845.655      26.0     3.267    -3.170
  4845.666      39.0     1.397      0.28                                        
  4845.704 106.00113     1.547    -3.891               3.456
  4845.733 106.00113     1.547    -3.891               3.456
  4845.740      26.1     8.038    -4.962
  4845.749 106.00112     0.685    -4.857               3.456
  4845.763     607.0     1.308    -4.973               7.650
  4845.801 106.00113     3.560    -3.717               3.456
  4845.810 106.00112     0.685    -2.672               3.456
  4845.817 106.00112     1.270    -3.355               3.456
  4845.848 106.00112     1.270    -3.355               3.456
  4845.862     607.0     1.308    -3.073               7.650
  4845.914 106.00112     0.777    -9.99                3.456
  4845.921 106.00113     3.560    -3.726               3.456
  4845.939 106.00112     0.685    -9.99                3.456
  4845.958 106.00112     0.777    -4.368               3.456
  4845.989 106.00113     3.463    -2.466               3.456
  4845.989 106.00113     3.276    -3.753               3.456
  4846.000 106.00112     0.685    -4.911               3.456
  4846.001      26.0     4.143    -9.99
  4846.019 106.00113     3.467    -3.726               3.456
  4846.037     607.0     1.311    -4.655               7.650
  4846.062     607.0     1.469    -4.634               7.650
  4846.080 106.00113     0.686    -2.672               3.456
  4846.083 106.00113     1.547    -3.136               3.456
  4846.086     607.0     0.260    -4.744               7.650
  4846.096     607.0     0.260    -4.293               7.650
  4846.111 106.00113     1.547    -3.136               3.456
  4846.114     607.0     1.217    -2.900               7.650
  4846.134 106.00113     0.686    -2.645               3.456
  4846.141     607.0     1.388    -3.555               7.650
  4846.160 106.00113     3.467    -3.735               3.456
  4846.170 106.00112     3.289    -2.103               3.456
  4846.193 106.00113     2.397    -2.609               3.456
  4846.194     607.0     0.270    -4.495               7.650
  4846.252 106.00112     0.777    -4.524               3.456
  4846.259 106.00113     2.397    -2.621               3.456
  4846.279      24.0     3.556    -1.602
  4846.293     607.0     0.302    -4.033               7.650
  4846.296 106.00112     0.777    -2.669               3.456
  4846.301 106.00113     3.471    -2.489               3.456
  4846.304      24.0     3.449    -1.50
  4846.309     607.0     1.447    -3.335               7.650
  4846.327 106.00113     3.276    -3.743               3.456
  4846.335      22.0     2.695    -1.10
  4846.350      24.0     4.533    -4.333
  4846.353 106.00113     3.471    -2.498               3.456
  4846.360      40.0     0.632     -2.25                                        
  4846.381      25.1     6.186    -3.042
  4846.384     607.0     0.278    -4.453               7.650
  4846.388      26.0     4.608    -2.15
  4846.408      24.0     4.239    -1.20
  4846.416     607.0     1.447    -4.749               7.650
  4846.421 106.00112     2.592    -2.585               3.456
  4846.423 106.00112     1.546    -3.288               3.456
  4846.426      73.0     3.101     0.020
  4846.432      24.0     3.113    -1.70
  4846.434      24.0     5.075    -1.569
  4846.437 106.00112     0.664    -3.660               3.456
  4846.442 106.00112     0.664    -3.660               3.456
  4846.468 106.00112     1.546    -3.288               3.456
  4846.496      23.0     2.029    -4.755
  4846.529 106.00112     0.777    -2.718               3.456
  4846.574 106.00112     0.777    -4.368               3.456
  4846.591      58.1     0.957     -1.11                                        
  4846.596      42.0     3.201    -1.953
  4846.600      23.0     1.711    -2.260
  4846.606      70.1     5.341    -2.160
  4846.627     607.0     1.164    -2.707               7.650
  4846.654 106.00113     0.686    -4.857               3.456
  4846.671     607.0     1.164    -3.993               7.650
  4846.709     607.0     0.263    -4.722               7.650
  4846.720     607.0     0.263    -4.209               7.650
  4846.771     607.0     1.239    -2.776               7.650
  4846.802     607.0     1.118    -3.114               7.650
  4846.804 106.00112     0.777    -4.524               3.456
  4846.813 106.00113     3.289    -2.093               3.456
  4846.831      22.0     2.677    -1.952
  4846.834 106.00112     0.664    -3.117               3.456
  4846.839 106.00112     0.664    -3.117               3.456
  4846.847     607.0     1.239    -4.469               7.650
  4846.849 106.00112     0.777    -2.669               3.456
  4846.869      70.1     5.572    -1.730
  4846.880      69.0     2.338    -0.980
  4846.897      26.0     4.231    -4.778
  4846.921      20.0     5.049    -2.524
  4846.950 106.00112     2.592    -2.596               3.456
  4846.992      70.1     6.651    -3.310
  4847.008      24.0     5.111    -2.642
  4847.020      20.0     6.028    -3.032
  4847.035      24.0     3.092    -3.708
  4847.048      24.0     5.134    -4.066
  4847.060      25.1     6.812    -4.858
  4847.080      62.1     1.517    -1.540
  4847.124     607.0     1.231    -2.907               7.650
  4847.163 106.00113     0.751    -2.779               3.456
  4847.175     607.0     1.231    -3.782               7.650
  4847.198      26.0     4.580    -4.331
  4847.204     607.0     1.107    -3.698               7.650
  4847.208      56.1     6.119     -1.54                                        
  4847.211 106.00113     3.289    -2.103               3.456
  4847.211      24.0     3.104    -2.20
  4847.240     607.0     1.107    -3.128               7.650
  4847.243      42.0     3.444    -1.551
  4847.288 106.00113     0.751    -4.485               3.456
  4847.298      22.0     2.292    -1.895
  4847.307      24.1     5.670    -3.658
  4847.311      20.0     2.933    -1.50
  4847.314      22.0     2.297    -1.753
  4847.314      23.0     1.064    -4.544
  4847.354 106.00113     3.385    -4.215               3.456
  4847.419      28.0     4.419    -1.40
  4847.453 106.00112     3.471    -2.489               3.456
  4847.482     607.0     0.333    -3.966               7.650
  4847.491     607.0     0.266    -4.706               7.650
  4847.495 106.00112     0.686    -4.857               3.456
  4847.503     607.0     0.266    -4.136               7.650
  4847.509 106.00112     3.466    -2.466               3.456
  4847.512     607.0     0.289    -3.911               7.650
  4847.513     607.0     0.333    -4.479               7.650
  4847.523     607.0     1.204    -3.424               7.650
  4847.523 106.00112     1.547    -3.891               3.456
  4847.525 106.00113     0.751    -4.294               3.456
  4847.533     607.0     0.289    -4.718               7.650
  4847.551 106.00112     1.547    -3.891               3.456
  4847.554 106.00112     3.471    -2.498               3.456
  4847.555      26.1     7.988    -3.742
  4847.556 106.00112     0.686    -9.99                3.456
  4847.561 106.00112     0.686    -2.645               3.456
  4847.561      22.0     3.305    -2.00
  4847.575      25.1     8.129    -4.495
  4847.587      26.0     4.446    -3.555
  4847.596 106.00112     2.946    -2.823               3.456
  4847.608      25.1     5.437    -1.810
  4847.610     607.0     0.309    -4.003               7.650
  4847.622 106.00112     0.686    -4.911               3.456
  4847.645 106.00113     0.751    -2.779               3.456
  4847.648 106.00113     0.751    -2.721               3.456
  4847.657      92.1     0.285    -2.024
  4847.669      21.0     2.139    -0.225
  4847.681 106.00112     3.466    -2.476               3.456
  4847.691     607.0     1.552    -3.824               7.650
  4847.714 106.00113     0.751    -4.485               3.456
  4847.737     607.0     0.364    -4.070               7.650
  4847.760      62.1     0.659    -0.890
  4847.772      58.0     0.590      0.24                                        
  4847.796 106.00112     1.547    -3.136               3.456
  4847.805      23.0     2.029    -3.687
  4847.810    18.1      16.749    -0.223
  4847.819 106.00112     2.397    -2.609               3.456
  4847.824 106.00112     1.547    -3.136               3.456
  4847.827    27.1      11.327    -0.430
  4847.831     607.0     0.256    -4.826               7.650
  4847.853     607.0     0.416    -4.898               7.650
  4847.880      69.1     3.506    -2.170
  4847.892 106.00112     2.946    -2.811               3.456
  4847.904      23.1     6.042    -3.076
  4847.909      23.1     6.529    -4.334
  4847.914      58.1     0.956     -0.75                                 LAWLER 
  4847.920 106.00112     2.397    -2.621               3.456
  4847.962     607.0     0.461    -4.288               7.650
  4848.007 106.00113     0.751    -4.294               3.456
  4848.038      26.0     4.549    -4.066
  4848.043      23.0     1.376    -4.795
  4848.061      24.0     5.211    -1.253
  4848.073 106.00113     0.751    -2.721               3.456
  4848.073      14.0     4.930    -3.953
  4848.095      64.0     1.531     0.200
  4848.099 106.00113     3.635    -2.079               3.456
  4848.178      42.0     3.359    -1.533
  4848.186      25.0     4.794    -2.922
  4848.188 106.00113     3.377    -2.499               3.456
  4848.191 106.00112     3.384    -1.408               3.456
  4848.200      26.1     9.576    -2.155
  4848.202      26.0     3.415    -4.00
  4848.209      22.0     2.305    -1.746
  4848.228      15.0     7.381    -1.500
  4848.235      24.1     3.864    -1.15
  4848.263      58.1     1.044     -1.32                                 LAWLER 
  4848.270     607.0     1.349    -3.018               7.650
  4848.297      23.1     6.784    -2.428
  4848.315      62.0     0.282    -0.116
  4848.318 106.00112     3.280    -3.743               3.456
  4848.340     607.0     1.447    -3.327               7.650
  4848.353      41.0     1.178    -1.270
  4848.355     607.0     1.349    -4.251               7.650
  4848.362      90.0     0.457    -1.755
  4848.377      23.0     2.916    -2.231
  4848.391 106.00112     3.385    -1.419               3.456
  4848.402 106.00112     3.183    -3.753               3.456
  4848.402 106.00113     3.652    -3.709               3.456
  4848.409      22.0     2.250    -0.70
  4848.416     607.0     0.274    -4.426               7.650
  4848.440     607.0     0.270    -4.695               7.650
  4848.445 106.00113     3.635    -2.069               3.456
  4848.447      70.1     6.950    -1.480
  4848.452 106.00112     3.183    -3.762               3.456
  4848.454     607.0     0.270    -4.071               7.650
  4848.458      70.1     4.754    -0.970
  4848.478      22.0     2.175    -0.60
  4848.492      22.0     3.148    -3.054
  4848.506 106.00113     3.652    -3.718               3.456
  4848.527      59.1     0.055    -1.583
  4848.533      69.1     4.860    -3.370
  4848.557      42.0     3.247    -1.925
  4848.558      15.0     7.404    -2.000
  4848.572 106.00112     3.385    -4.215               3.456
  4848.576      69.1     3.247    -2.160
  4848.617      42.0     2.680    -2.558
  4848.626      69.1     4.003    -2.160
  4848.642 106.00113     1.540    -3.356               3.456
  4848.642 106.00113     1.540    -3.356               3.456
  4848.654 106.00113     3.377    -2.508               3.456
  4848.702      26.1     7.773    -4.470
  4848.720      15.0     7.404    -3.000
  4848.727 106.00113     2.946    -2.823               3.456
  4848.729      24.1     8.692    -2.961
  4848.760 106.00112     0.751    -2.779               3.456
  4848.769 106.00113     3.373    -3.735               3.456
  4848.772 106.00113     2.496    -2.597               3.456
  4848.809      23.0     1.712    -4.092
  4848.814      23.1     6.784    -2.995
  4848.830 106.00112     0.751    -4.294               3.456
  4848.832      68.0     1.159    -0.226
  4848.850     607.0     0.258    -4.713               7.650
  4848.858     607.0     0.258    -4.950               7.650
  4848.863 106.00112     3.280    -3.753               3.456
  4848.866      23.0     2.678    -0.658
  4848.866      26.0     4.154    -4.336
  4848.884    26.0       2.277    -3.30
  4848.892      23.1     2.050    -4.586
  4848.924 106.00113     3.374    -3.744               3.456
  4848.951     607.0     1.159    -3.134               7.650
  4849.041      90.1     2.731    -0.250
  4849.062      60.1     0.471     -1.09                                        
  4849.081     607.0     0.316    -3.974               7.650
  4849.137      69.1     3.936    -1.350
  4849.149      28.0     3.539    -3.776
  4849.150 106.00112     0.751    -4.485               3.456
  4849.154     607.0     1.239    -4.467               7.650
  4849.155 106.00113     2.080    -3.135               3.456
  4849.160      23.1     6.863    -2.327
  4849.168      22.1     1.131    -2.85
  4849.196      20.0     5.045    -3.038
  4849.207 106.00113     2.946    -2.811               3.456
  4849.221 106.00112     0.751    -2.721               3.456
  4849.230     607.0     1.239    -2.766               7.650
  4849.242 106.00112     0.751    -2.779               3.456
  4849.256 106.00113     2.496    -2.609               3.456
  4849.265      70.1     5.621    -2.150
  4849.275      23.0     2.581    -1.148
  4849.284      27.0     4.209    -3.269
  4849.284 106.00113     2.119    -3.165               3.456
  4849.303      27.0     4.113    -4.105
  4849.313 106.00112     0.751    -4.294               3.456
  4849.329      25.1     6.185    -4.453
  4849.374 106.00113     2.591    -2.329               3.456
  4849.383      27.0     4.113    -2.584
  4849.390 106.00112     3.377    -2.499               3.456
  4849.401     607.0     1.265    -3.898               7.650
  4849.428 106.00113     2.591    -2.343               3.456
  4849.432 106.00113     2.080    -3.162               3.456
  4849.532     607.0     1.552    -3.817               7.650
  4849.537     607.0     0.295    -3.868               7.650
  4849.539     607.0     0.274    -4.688               7.650
  4849.554     607.0     0.274    -4.013               7.650
  4849.557 106.00113     2.119    -3.205               3.456
  4849.559     607.0     0.295    -4.716               7.650
  4849.575     607.0     0.341    -3.939               7.650
  4849.576 106.00112     0.751    -4.485               3.456
  4849.588 106.00113     2.044    -3.116               3.456
  4849.608     607.0     0.341    -4.485               7.650
  4849.637 106.00113     0.728    -2.853               3.456
  4849.640      63.0     1.976     -0.06                                        
  4849.647 106.00112     0.751    -2.721               3.456
  4849.668      26.0     3.573    -2.810
  4849.676      24.0     4.239    -1.808
  4849.700     607.0     0.278    -4.445               7.650
  4849.735      70.1     5.671    -2.140
  4849.738 106.00113     0.639    -4.908               3.456
  4849.749      24.0     5.155    -3.475
  4849.757 106.00112     2.591    -2.329               3.456
  4849.795     607.0     1.204    -4.695               7.650
  4849.827      42.0     2.523    -2.060
  4849.840      26.0     4.301    -3.071
  4849.863 106.00113     0.729    -4.419               3.456
  4849.865    19.0       1.610    -3.010
  4849.877 106.00113     2.044    -3.132               3.456
  4849.887     607.0     1.205    -3.418               7.650
  4849.898 106.00112     2.591    -2.343               3.456
  4849.905 106.00112     3.377    -2.508               3.456
  4849.912      58.0     0.000     -0.75                                        
  4849.985 106.00113     0.728    -4.230               3.456
  4850.002 106.00113     0.728    -2.853               3.456
  4850.018 106.00113     2.664    -2.329               3.456
  4850.023 106.00113     2.160    -3.207               3.456
  4850.034     607.0     0.260    -4.638               7.650
  4850.043     607.0     0.260    -4.798               7.650
  4850.072 106.00113     0.639    -2.703               3.456
  4850.098 106.00113     0.371    -3.234               3.456
  4850.181 106.00113     0.729    -4.419               3.456
  4850.202      25.0     4.320    -3.453
  4850.211 106.00113     0.729    -2.783               3.456
  4850.216      24.0     3.369    -2.785
  4850.218      58.1     1.403     -1.10                                        
  4850.250     607.0     1.486    -4.321               7.650
  4850.256 106.00113     3.627    -4.215               3.456
  4850.275 106.00113     0.639    -2.673               3.456
  4850.284 106.00113     0.371    -3.234               3.456
  4850.291 106.00113     2.160    -3.263               3.456
  4850.309     607.0     1.086    -4.504               7.650
  4850.336     607.0     0.428    -4.907               7.650
  4850.350 106.00113     0.728    -4.230               3.456
  4850.355 106.00113     2.010    -4.952               3.456
  4850.362 106.00112     2.496    -2.597               3.456
  4850.367 106.00113     2.664    -2.316               3.456
  4850.400      24.0     5.217    -2.220
  4850.402 106.00112     2.664    -2.329               3.456
  4850.425 106.00112     1.540    -3.356               3.456
  4850.425 106.00112     1.540    -3.356               3.456
  4850.440      90.1     0.514    -2.168
  4850.442      26.0     4.652    -5.067
  4850.529 106.00113     0.729    -2.783               3.456
  4850.545      22.0     3.128    -0.792
  4850.548 106.00113     2.010    -3.106               3.456
  4850.550 106.00113     2.081    -3.135               3.456
  4850.583      72.0     1.303    -2.100
  4850.597 106.00112     2.080    -3.135               3.456
  4850.602      57.1     0.772     -1.71                                        
  4850.607 106.00113     0.639    -4.808               3.456
  4850.629     607.0     1.349    -3.007               7.650
  4850.647 106.00113     0.371    -4.350               3.456
  4850.658 106.00112     2.664    -2.316               3.456
  4850.661 106.00112     2.119    -3.165               3.456
  4850.680      70.1     6.127    -2.570
  4850.689      23.1     6.534    -2.365
  4850.695     607.0     0.324    -3.948               7.650
  4850.706      25.0     5.225    -3.269
  4850.710 106.00113     2.081    -3.162               3.456
  4850.732     607.0     0.364    -4.058               7.650
  4850.741      28.0     4.236    -9.99
  4850.797 106.00113     0.371    -4.350               3.456
  4850.797      57.0     0.130     -1.37                                        
  4850.806     607.0     0.279    -4.684               7.650
  4850.809 106.00112     2.080    -3.162               3.456
  4850.814 106.00113     2.044    -3.116               3.456
  4850.818     607.0     0.279    -4.364               7.650
  4850.824     607.0     0.279    -3.961               7.650
  4850.837      70.1     5.868    -1.620
  4850.849 106.00113     2.010    -3.112               3.456
  4850.851 106.00113     2.120    -3.165               3.456
  4850.851      56.1     6.196     -1.69                                        
  4850.855      24.0     3.368    -3.963
  4850.863 106.00112     2.119    -3.205               3.456
  4850.876      24.0     4.535    -2.760
  4850.884 106.00112     2.496    -2.609               3.456
  4850.886      69.1     3.618    -2.520
  4850.902      58.1     0.892     -1.37                                 LAWLER 
  4850.969     607.0     1.176    -2.689               7.650
  4850.997 106.00113     2.120    -3.205               3.456
  4851.000 106.00113     2.044    -3.132               3.456
  4851.009 106.00113     0.371    -3.153               3.456
  4851.014     607.0     1.176    -4.001               7.650
  4851.087      25.0     4.666    -1.607
  4851.094 106.00112     2.044    -3.116               3.456
  4851.099      69.1     4.684    -1.470
  4851.143      25.1     6.186    -3.355
  4851.143     607.0     0.482    -4.291               7.650
  4851.148      70.1     3.017    -1.610
  4851.157 106.00113     0.640    -4.908               3.456
  4851.160 106.00113     0.371    -3.153               3.456
  4851.174 106.00113     2.303    -2.622               3.456
  4851.188 106.00112     3.627    -1.317               3.456
  4851.218      22.0     2.487    -2.229
  4851.240 106.00113     3.466    -2.476               3.456
  4851.242 106.00113     2.303    -2.634               3.456
  4851.254 106.00112     0.728    -2.853               3.456
  4851.266     607.0     1.129    -3.092               7.650
  4851.277      22.0     2.318    -1.904
  4851.280      23.0     2.878    -2.396
  4851.285 106.00113     1.541    -3.695               3.456
  4851.285 106.00113     1.541    -3.695               3.456
  4851.287      27.0     3.133    -4.987
  4851.295     607.0     1.246    -2.893               7.650
  4851.320 106.00112     2.044    -3.132               3.456
  4851.325 106.00113     2.010    -4.952               3.456
  4851.329 106.00112     2.160    -3.207               3.456
  4851.331     607.0     1.118    -3.705               7.650
  4851.341 106.00113     3.466    -2.466               3.456
  4851.348     607.0     1.246    -3.790               7.650
  4851.348      40.0     0.622     -1.20                                        
  4851.350      22.0     2.154    -2.112
  4851.353 106.00112     0.728    -4.230               3.456
  4851.369     607.0     1.118    -3.105               7.650
  4851.377     607.0     0.263    -4.585               7.650
  4851.388     607.0     0.263    -4.679               7.650
  4851.414     607.0     1.265    -3.893               7.650
  4851.416 106.00113     2.204    -3.265               3.456
  4851.438 106.00112     3.627    -4.215               3.456
  4851.464      24.0     3.435    -1.268
  4851.482      23.0     0.000    -1.139
  4851.522 106.00112     2.160    -3.263               3.456
  4851.537      25.1     5.437    -2.608
  4851.539      14.0     5.082    -3.013
  4851.546 106.00112     0.639    -4.808               3.456
  4851.548 106.00112     3.635    -2.079               3.456
  4851.572 106.00113     3.635    -4.930               3.456
  4851.595 106.00112     0.639    -2.703               3.456
  4851.607 106.00113     0.640    -2.703               3.456
  4851.614 106.00113     2.010    -3.106               3.456
  4851.619 106.00112     0.728    -2.853               3.456
  4851.641      68.1     2.116    -0.917
  4851.680     607.0     0.302    -3.828               7.650
  4851.685 106.00113     2.204    -3.342               3.456
  4851.685 106.00112     3.627    -1.307               3.456
  4851.692      69.1     4.368    -1.020
  4851.693      42.0     2.496    -1.899
  4851.694 106.00112     0.371    -3.234               3.456
  4851.694 106.00113     0.640    -2.673               3.456
  4851.704     607.0     0.302    -4.716               7.650
  4851.711 106.00112     0.729    -4.419               3.456
  4851.718 106.00112     0.728    -4.230               3.456
  4851.746 106.00113     0.709    -2.947               3.456
  4851.748 106.00113     1.541    -3.216               3.456
  4851.748 106.00113     1.541    -3.216               3.456
  4851.749     607.0     1.486    -4.316               7.650
  4851.753 106.00112     0.639    -2.673               3.456
  4851.757      69.0     2.372    -0.550
  4851.772 106.00113     2.161    -3.207               3.456
  4851.774 106.00113     2.818    -4.693               3.456
  4851.779     607.0     1.159    -4.184               7.650
  4851.795 106.00112     3.635    -4.930               3.456
  4851.803 106.00112     0.639    -4.908               3.456
  4851.810 106.00112     0.729    -2.783               3.456
  4851.812     607.0     0.351    -3.914               7.650
  4851.819 106.00113     2.010    -3.112               3.456
  4851.846     607.0     0.351    -4.492               7.650
  4851.847 106.00113     1.978    -4.880               3.456
  4851.849     607.0     1.159    -3.127               7.650
  4851.868      26.0     4.143    -1.765
  4851.880 106.00112     0.371    -3.234               3.456
  4851.894      69.1     3.349    -0.091
  4851.894      22.0     2.778    -3.797
  4851.899 106.00113     2.161    -3.263               3.456
  4851.908      69.1     4.723    -1.710
  4851.929      24.0     3.966    -2.240
  4851.989 106.00113     1.978    -3.103               3.456
  4851.993 106.00112     2.081    -3.135               3.456
  4852.002      69.1     4.684    -2.240
  4852.003 106.00112     3.635    -2.069               3.456
  4852.010 106.00113     0.709    -2.947               3.456
  4852.029 106.00112     0.729    -4.419               3.456
  4852.059      21.0     1.943    -2.326
  4852.087 106.00112     2.081    -3.162               3.456
  4852.095 106.00113     0.709    -4.126               3.456
  4852.102 106.00113     0.709    -4.361               3.456
  4852.113 106.00112     2.010    -3.106               3.456
  4852.118 106.00113     3.463    -4.215               3.456
  4852.127 106.00112     0.729    -2.783               3.456
  4852.142 106.00113     0.640    -4.808               3.456
  4852.149      73.0     1.358    -1.700
  4852.161      25.1     6.834    -4.452
  4852.166     607.0     0.294    -4.439               7.650
  4852.221     607.0     0.284    -4.682               7.650
  4852.229 106.00112     2.120    -3.165               3.456
  4852.240     607.0     0.284    -3.913               7.650
  4852.258      26.0     4.191    -3.365
  4852.259      69.1     4.433    -3.360
  4852.283 106.00112     2.949    -2.811               3.456
  4852.283 106.00112     2.010    -4.952               3.456
  4852.304 106.00112     2.120    -3.205               3.456
  4852.306 106.00113     1.978    -3.101               3.456
  4852.321 106.00112     2.044    -3.116               3.456
  4852.325 106.00113     0.709    -4.361               3.456
  4852.356 106.00112     2.010    -3.112               3.456
  4852.358 106.00113     0.709    -4.126               3.456
  4852.396      28.1     8.899    -3.499
  4852.403 106.00113     0.951    -3.683               3.456
  4852.410 106.00112     0.371    -4.350               3.456
  4852.429      70.1     7.552    -2.000
  4852.443 106.00112     2.044    -3.132               3.456
  4852.443 106.00112     2.949    -2.823               3.456
  4852.448 106.00113     0.709    -2.860               3.456
  4852.467      23.1     5.480    -2.502
  4852.476 106.00113     0.910    -3.769               3.456
  4852.477     607.0     0.333    -3.923               7.650
  4852.518 106.00113     1.817    -4.764               3.456
  4852.547      28.0     3.542    -1.070
  4852.549 106.00112     0.371    -3.153               3.456
  4852.561 106.00112     0.371    -4.350               3.456
  4852.582 106.00113     1.817    -4.764               3.456
  4852.624      58.0     0.384     -0.46                                        
  4852.626      58.0     0.772     -0.07                                        
  4852.648 106.00112     2.204    -3.265               3.456
  4852.672 106.00113     0.951    -3.763               3.456
  4852.672 106.00113     0.709    -2.860               3.456
  4852.676 106.00113     1.978    -4.880               3.456
  4852.677      39.0     1.373      0.12                                        
  4852.679      21.0     2.146    -0.153
  4852.683      24.0     5.094    -3.202
  4852.683 106.00113     0.910    -3.848               3.456
  4852.700 106.00112     0.371    -3.153               3.456
  4852.706      17.0     9.203    -2.190
  4852.716      69.1     4.856    -2.540
  4852.756      27.0     2.542    -4.900
  4852.787 106.00113     3.168    -2.529               3.456
  4852.839 106.00112     2.303    -2.622               3.456
  4852.839 106.00112     2.204    -3.342               3.456
  4852.864      90.0     2.011    -0.522
  4852.877      23.0     2.578    -3.205
  4852.885     607.0     0.266    -4.547               7.650
  4852.898     607.0     0.266    -4.580               7.650
  4852.902 106.00113     1.978    -3.103               3.456
  4852.940 106.00112     2.303    -2.634               3.456
  4852.962     607.0     0.441    -4.915               7.650
  4852.979      69.1     3.797    -2.000
  4853.004 106.00113     3.627    -1.317               3.456
  4853.031     607.0     1.335    -3.073               7.650
  4853.079 106.00112     2.161    -3.207               3.456
  4853.081 106.00112     0.640    -4.808               3.456
  4853.112 106.00112     1.541    -3.695               3.456
  4853.112 106.00112     1.541    -3.695               3.456
  4853.131 106.00112     2.161    -3.263               3.456
  4853.131 106.00112     0.640    -2.703               3.456
  4853.132     607.0     1.335    -4.981               7.650
  4853.136 106.00113     1.978    -3.101               3.456
  4853.159 106.00113     3.168    -2.517               3.456
  4853.161      69.1     3.955    -1.400
  4853.166 106.00113     2.401    -2.609               3.456
  4853.169 106.00113     3.183    -3.762               3.456
  4853.173 106.00112     0.640    -2.673               3.456
  4853.180 106.00112     2.010    -3.106               3.456
  4853.223 106.00112     0.640    -4.908               3.456
  4853.249 106.00113     0.994    -3.596               3.456
  4853.253 106.00112     2.010    -4.952               3.456
  4853.272      28.0     3.898    -1.939
  4853.301     607.0     0.284    -4.309               7.650
  4853.316      60.0     0.140     -0.51                                        
  4853.326 106.00112     2.010    -3.112               3.456
  4853.336      27.0     3.775    -3.260
  4853.341      70.1     6.076    -2.210
  4853.350 106.00113     2.205    -3.265               3.456
  4853.371 106.00113     0.872    -3.855               3.456
  4853.381 106.00112     0.709    -2.947               3.456
  4853.421      69.1     4.433    -2.520
  4853.463 106.00113     2.205    -3.342               3.456
  4853.468 106.00113     0.693    -3.075               3.456
  4853.489 106.00113     3.183    -3.753               3.456
  4853.492     607.0     0.382    -4.058               7.650
  4853.496     607.0     1.495    -4.639               7.650
  4853.498      24.0     2.708    -3.747
  4853.501 106.00112     1.541    -3.216               3.456
  4853.501 106.00112     1.541    -3.216               3.456
  4853.513 106.00113     2.249    -3.344               3.456
  4853.515 106.00113     0.872    -3.933               3.456
  4853.517 106.00112     0.709    -4.126               3.456
  4853.536      26.1     7.946    -4.325
  4853.576 106.00113     0.994    -3.678               3.456
  4853.576 106.00113     2.949    -2.823               3.456
  4853.590      27.0     4.259    -3.791
  4853.597      58.0     0.410     -0.48                                        
  4853.599      26.1     7.568    -4.048
  4853.600 106.00113     2.949    -2.811               3.456
  4853.607      23.0     2.968    -2.835
  4853.612 106.00112     1.978    -3.103               3.456
  4853.632      69.1     3.422    -1.860
  4853.645 106.00113     0.693    -3.075               3.456
  4853.645 106.00112     0.709    -2.947               3.456
  4853.647 106.00113     2.401    -2.621               3.456
  4853.670 106.00113     3.627    -1.307               3.456
  4853.697     607.0     0.482    -4.278               7.650
  4853.721     107.0     3.149    -3.641               3.450
  4853.775      28.0     3.543    -1.550
  4853.781 106.00112     0.709    -4.126               3.456
  4853.781 106.00113     2.249    -3.383               3.456
  4853.786 106.00113     3.280    -3.743               3.456
  4853.788 106.00113     1.949    -4.785               3.456
  4853.796     607.0     0.289    -4.683               7.650
  4853.798 106.00112     1.978    -4.880               3.456
  4853.816     607.0     0.289    -3.869               7.650
  4853.823      69.1     4.571    -3.180
  4853.826 106.00113     0.693    -4.018               3.456
  4853.831      26.0     4.607    -4.443
  4853.850 106.00112     3.168    -2.529               3.456
  4853.873 106.00112     1.978    -3.101               3.456
  4853.880 106.00113     1.949    -3.107               3.456
  4853.913     607.0     1.260    -2.766               7.650
  4853.917      24.0     3.369    -3.299
  4853.926      22.0     2.677    -1.067
  4853.930 106.00112     0.709    -4.361               3.456
  4853.951 106.00113     3.280    -3.753               3.456
  4853.973      26.0     4.415    -3.939
  4853.974     607.0     0.309    -3.791               7.650
  4853.991     607.0     1.260    -4.476               7.650
  4853.993 106.00113     0.693    -4.310               3.456
  4854.000     607.0     0.309    -4.718               7.650
  4854.003 106.00113     0.693    -4.018               3.456
  4854.033 106.00112     2.818    -4.693               3.456
  4854.042      70.1     5.517    -3.240
  4854.066 106.00112     0.709    -2.860               3.456
  4854.074      74.0     1.655    -1.750
  4854.114      25.0     3.772    -3.598
  4854.130      24.1     8.351    -4.621
  4854.137 106.00113     0.693    -4.310               3.456
  4854.154 106.00112     0.709    -4.361               3.456
  4854.164      26.0     4.835    -2.394
  4854.176      26.0     4.593    -3.256
  4854.179     607.0     1.672    -4.588               7.650
  4854.184     607.0     0.360    -3.890               7.650
  4854.194 106.00112     3.168    -2.517               3.456
  4854.217 106.00113     1.949    -3.098               3.456
  4854.220     607.0     0.360    -4.500               7.650
  4854.252      39.0     1.886     -0.03                                        
  4854.285      26.0     4.218    -3.650
  4854.290 106.00112     0.709    -2.860               3.456
  4854.314      27.0     4.259    -4.096
  4854.333      26.0     4.559    -2.659
  4854.352 106.00113     0.693    -2.959               3.456
  4854.368      62.1     0.378    -1.250
  4854.377      22.0     3.424    -3.399
  4854.392     607.0     0.341    -3.899               7.650
  4854.438     107.0     3.149    -3.641               3.450
  4854.451 106.00112     3.373    -2.093               3.456
  4854.453 106.00112     1.817    -4.764               3.456
  4854.467 106.00112     3.373    -2.083               3.456
  4854.481      26.0     4.473    -3.423
  4854.484 106.00113     1.949    -4.785               3.456
  4854.495      26.1     9.100    -4.921
  4854.495 106.00113     0.693    -2.959               3.456
  4854.517 106.00112     1.817    -4.764               3.456
  4854.526 106.00112     1.978    -3.103               3.456
  4854.547      44.0     3.262    -0.300
  4854.547      23.1     6.478    -3.298
  4854.549     607.0     0.270    -4.519               7.650
  4854.563     607.0     0.270    -4.497               7.650
  4854.583 106.00112     2.205    -3.265               3.456
  4854.583      23.0     2.074    -4.427
  4854.586      20.0     4.763    -3.120
  4854.599      25.0     3.859    -1.424
  4854.616 106.00113     3.463    -1.070               3.456
  4854.618 106.00112     2.205    -3.342               3.456
  4854.627 106.00112     1.978    -4.880               3.456
  4854.651 106.00113     1.949    -3.107               3.456
  4854.660      44.0     1.177    -3.520
  4854.667 106.00112     2.249    -3.344               3.456
  4854.670     607.0     1.176    -3.994               7.650
  4854.675      25.0     4.827    -3.465
  4854.703 106.00112     1.978    -3.101               3.456
  4854.716     607.0     1.176    -2.672               7.650
  4854.738      22.0     2.239    -1.218
  4854.738 106.00112     3.463    -1.070               3.456
  4854.755 106.00113     0.680    -3.273               3.456
  4854.797 106.00112     2.401    -2.609               3.456
  4854.842      26.1     9.100    -4.340
  4854.854 106.00112     2.249    -3.383               3.456
  4854.861 106.00113     0.680    -3.273               3.456
  4854.867      39.1     0.992     -0.38                                BIEMONT 
  4854.876      26.0     4.186    -1.730
  4854.890      26.0     4.143    -2.170
  4854.913 106.00113     1.949    -3.098               3.456
  4854.932      20.0     5.991    -4.794
  4854.934     607.0     1.335    -4.979               7.650
  4854.946 106.00112     3.463    -4.215               3.456
  4854.946      57.0     1.138     -0.85                                        
  4854.967 106.00112     3.463    -4.215               3.456
  4854.972      27.1     8.736    -3.599
  4854.988 106.00113     0.837    -3.941               3.456
  4854.993 106.00113     3.639    -2.069               3.456
  4854.995      21.0     3.101    -3.358
  4854.998 106.00113     0.341    -4.473               3.456
  4855.002 106.00113     0.341    -4.473               3.456
  4855.010      26.1     9.100    -4.412
  4855.030      24.0     3.375    -3.581
  4855.035     607.0     1.335    -3.065               7.650
  4855.041      38.0     2.250     -0.53                                        
  4855.071 106.00113     0.837    -4.019               3.456
  4855.106      24.0     5.217    -1.791
  4855.115 106.00112     0.693    -3.075               3.456
  4855.123 106.00113     3.463    -1.060               3.456
  4855.134 106.00113     1.041    -3.508               3.456
  4855.135      28.0     3.740    -2.373
  4855.137 106.00113     2.667    -2.316               3.456
  4855.154      24.0     2.709    -3.891
  4855.156 106.00113     0.680    -3.877               3.456
  4855.174 106.00112     3.463    -1.060               3.456
  4855.186 106.00113     0.597    -4.854               3.456
  4855.198 106.00113     2.667    -2.329               3.456
  4855.235     607.0     1.420    -3.555               7.650
  4855.248 106.00113     3.639    -2.079               3.456
  4855.262 106.00113     0.680    -3.877               3.456
  4855.292 106.00112     0.693    -3.075               3.456
  4855.304 106.00112     0.693    -4.018               3.456
  4855.306      60.0     0.140     -0.51                                        
  4855.310      69.1     3.312    -2.100
  4855.314 106.00112     2.401    -2.621               3.456
  4855.406      28.0     3.542     0.000
  4855.420     607.0     0.294    -4.431               7.650
  4855.426      24.0     4.532    -2.834
  4855.429 106.00112     2.667    -2.316               3.456
  4855.437      26.0     4.584    -3.444
  4855.443     607.0     1.189    -2.672               7.650
  4855.455 106.00113     0.597    -2.737               3.456
  4855.481 106.00112     0.693    -4.018               3.456
  4855.483 106.00113     0.670    -3.703               3.456
  4855.490     607.0     1.189    -4.009               7.650
  4855.516 106.00113     1.041    -3.592               3.456
  4855.529     607.0     0.295    -4.685               7.650
  4855.535 106.00113     0.680    -4.264               3.456
  4855.535 106.00113     0.670    -3.703               3.456
  4855.548      26.1     2.704    -4.443
  4855.551     607.0     0.295    -3.829               7.650
  4855.556 106.00112     1.949    -3.107               3.456
  4855.564 106.00113     3.630    -4.215               3.456
  4855.577     607.0     1.372    -3.010               7.650
  4855.582 106.00112     2.667    -2.329               3.456
  4855.608     607.0     1.476    -3.328               7.650
  4855.615 106.00113     0.680    -4.264               3.456
  4855.618      27.0     3.952    -2.469
  4855.631     607.0     1.129    -3.712               7.650
  4855.634 106.00113     2.250    -3.344               3.456
  4855.644 106.00113     3.373    -2.093               3.456
  4855.664     607.0     1.372    -4.257               7.650
  4855.670     607.0     1.129    -3.082               7.650
  4855.672 106.00113     3.476    -2.489               3.456
  4855.673      26.0     3.368    -1.902
  4855.691 106.00113     0.597    -2.704               3.456
  4855.702      24.0     3.011    -3.337
  4855.717     607.0     1.476    -4.754               7.650
  4855.726 106.00112     3.187    -3.753               3.456
  4855.733 106.00113     2.250    -3.383               3.456
  4855.738     607.0     0.455    -4.923               7.650
  4855.747      69.1     4.110    -2.120
  4855.759 106.00112     1.949    -4.785               3.456
  4855.777     607.0     1.672    -4.582               7.650
  4855.799 106.00112     0.693    -4.310               3.456
  4855.811 106.00113     3.373    -2.083               3.456
  4855.828 106.00113     3.569    -2.480               3.456
  4855.832     607.0     1.140    -3.070               7.650
  4855.842 106.00112     1.949    -3.098               3.456
  4855.877 106.00113     3.569    -2.489               3.456
  4855.880      25.0     4.794    -2.372
  4855.905    22.1       3.095    -1.471
  4855.936 106.00113     0.680    -3.101               3.456
  4855.940     607.0     0.289    -4.258               7.650
  4855.943 106.00112     0.693    -4.310               3.456
  4855.960 106.00113     0.597    -4.765               3.456
  4855.960      24.1     8.522    -3.628
  4855.976 106.00113     0.670    -3.675               3.456
  4855.988 106.00112     0.693    -2.959               3.456
  4856.010      22.0     2.256     0.440
  4856.016 106.00113     0.680    -3.101               3.456
  4856.019 106.00112     0.951    -3.763               3.456
  4856.021     607.0     1.261    -2.879               7.650
  4856.028 106.00113     0.670    -3.675               3.456
  4856.054      24.1     5.662    -3.755
  4856.054      26.0     4.733    -2.979
  4856.076     607.0     1.261    -3.798               7.650
  4856.082 106.00112     0.910    -3.848               3.456
  4856.083      24.0     5.080    -3.520
  4856.088      26.0     4.283    -2.841
  4856.091      69.1     4.288    -2.600
  4856.092      19.0     1.610    -2.620
  4856.122 106.00113     3.476    -2.498               3.456
  4856.124      20.0     5.049    -3.322
  4856.132 106.00112     0.693    -2.959               3.456
  4856.144 106.00113     1.922    -4.730               3.456
  4856.177 106.00113     1.922    -3.118               3.456
  4856.186      24.1     3.854    -2.171
  4856.188      64.0     1.449    -0.271
  4856.245      66.1     2.427    -0.530
  4856.257      25.0     4.435    -3.648
  4856.262 106.00112     0.951    -3.683               3.456
  4856.276 106.00112     3.187    -3.762               3.456
  4856.280     607.0     1.260    -4.474               7.650
  4856.285      23.1     8.645    -4.216
  4856.328 106.00112     1.949    -3.107               3.456
  4856.332     607.0     1.178    -3.123               7.650
  4856.344 106.00112     0.910    -3.769               3.456
  4856.358     607.0     1.260    -2.757               7.650
  4856.365 106.00113     2.297    -3.385               3.456
  4856.368     607.0     1.345    -4.653               7.650
  4856.384     607.0     0.274    -4.499               7.650
  4856.395     8.1      26.305    -0.926
  4856.399     607.0     0.316    -3.757               7.650
  4856.400     607.0     0.274    -4.424               7.650
  4856.415 106.00112     0.680    -3.273               3.456
  4856.415 106.00113     0.597    -4.854               3.456
  4856.427     607.0     0.316    -4.721               7.650
  4856.455 106.00112     1.949    -4.785               3.456
  4856.457     607.0     0.382    -4.047               7.650
  4856.457 106.00113     2.211    -2.635               3.456
  4856.469     607.0     0.351    -3.876               7.650
  4856.521 106.00112     0.680    -3.273               3.456
  4856.524 106.00113     2.210    -2.648               3.456
  4856.538 106.00112     1.949    -3.098               3.456
  4856.547      23.0     2.638    -1.782
  4856.547 106.00113     1.922    -3.101               3.456
  4856.587 106.00113     2.741    -2.316               3.456
  4856.592      23.1     6.479    -4.287
  4856.612      22.0     2.117    -4.537
  4856.639 106.00113     2.297    -3.152               3.456
  4856.641      26.0     4.191    -2.688
  4856.663      26.1     7.971    -3.579
  4856.682 106.00112     0.680    -3.877               3.456
  4856.698 106.00112     0.341    -4.473               3.456
  4856.698      27.0     4.175    -1.793
  4856.703 106.00112     0.341    -4.473               3.456
  4856.707     607.0     0.371    -3.867               7.650
  4856.713      39.0     1.917     -0.37                                        
  4856.715 106.00113     1.922    -4.730               3.456
  4856.730      64.0     2.078     0.510
  4856.734 106.00113     0.670    -4.263               3.456
  4856.744     607.0     0.371    -4.507               7.650
  4856.748 106.00112     3.630    -4.215               3.456
  4856.758     8.1      26.305    -0.849
  4856.769 106.00113     0.670    -4.263               3.456
  4856.788 106.00112     0.680    -3.877               3.456
  4856.788 106.00113     0.597    -2.737               3.456
  4856.790 106.00112     2.250    -3.344               3.456
  4856.800      21.1     4.878    -1.535
  4856.807 106.00112     2.250    -3.383               3.456
  4856.816 106.00113     1.922    -3.118               3.456
  4856.819      15.0     7.404    -2.600
  4856.828 106.00112     3.476    -2.489               3.456
  4856.830     607.0     1.230    -3.416               7.650
  4856.868 106.00112     0.994    -3.678               3.456
  4856.880 106.00112     2.741    -2.316               3.456
  4856.920 106.00113     0.597    -2.704               3.456
  4856.928      24.0     4.533    -1.818
  4856.932 106.00112     3.569    -2.480               3.456
  4856.953 106.00113     2.741    -2.303               3.456
  4856.956      22.0     2.662    -3.015
  4856.962 106.00112     0.872    -3.933               3.456
  4856.991 106.00112     0.597    -4.765               3.456
  4856.995 106.00112     3.630    -1.307               3.456
  4857.002     607.0     1.420    -3.549               7.650
  4857.024 106.00112     0.597    -2.737               3.456
  4857.033 106.00112     3.569    -2.489               3.456
  4857.054      23.0     2.130    -2.622
  4857.076     607.0     0.503    -4.282               7.650
  4857.099 106.00112     0.994    -3.596               3.456
  4857.118 106.00113     1.922    -3.101               3.456
  4857.151 106.00112     0.670    -3.703               3.456
  4857.151 106.00112     2.741    -2.303               3.456
  4857.163 106.00112     3.630    -1.317               3.456
  4857.181      24.0     5.217    -0.931
  4857.203 106.00112     0.670    -3.703               3.456
  4857.217 106.00112     0.597    -2.704               3.456
  4857.226      69.1     4.480    -2.260
  4857.227 106.00113     0.670    -3.349               3.456
  4857.231 106.00113     2.821    -4.693               3.456
  4857.243 106.00112     0.872    -3.855               3.456
  4857.244     107.0     3.050    -3.695               3.450
  4857.250 106.00112     0.597    -4.854               3.456
  4857.255 106.00113     0.805    -4.028               3.456
  4857.257      22.0     2.297    -2.774
  4857.262 106.00113     0.670    -3.349               3.456
  4857.269      25.0     5.199    -3.309
  4857.269 106.00113     0.805    -4.106               3.456
  4857.293 106.00113     0.597    -4.765               3.456
  4857.299      24.0     2.710    -2.920
  4857.300      69.1     4.839    -2.370
  4857.300      70.1     7.321    -3.230
  4857.300     607.0     1.097    -4.053               7.650
  4857.319 106.00112     0.680    -4.264               3.456
  4857.328 106.00112     3.476    -2.498               3.456
  4857.361      59.0     0.550    -0.304
  4857.387      28.0     3.740    -1.199
  4857.399 106.00112     0.680    -4.264               3.456
  4857.405     607.0     0.302    -4.689               7.650
  4857.408      21.1     8.088    -0.862
  4857.423      26.1     9.731    -4.300
  4857.429     607.0     0.302    -3.792               7.650
  4857.435      68.0     1.069    -0.101
  4857.439 106.00112     2.297    -3.385               3.456
  4857.456      22.0     2.677    -0.503
  4857.484 106.00113     3.466    -4.215               3.456
  4857.488      26.1     9.112    -4.043
  4857.490      28.0     3.543    -3.110
  4857.519      25.0     3.373    -4.151
  4857.550 106.00112     0.670    -3.675               3.456
  4857.583      23.0     1.081    -4.278
  4857.585 106.00112     0.680    -3.101               3.456
  4857.595      24.1     6.686    -2.339
  4857.602 106.00112     0.670    -3.675               3.456
  4857.613      24.0     3.980    -3.164
  4857.614      23.1     5.868    -4.343
  4857.623 106.00112     2.297    -3.152               3.456
  4857.623 106.00113     3.463    -4.215               3.456
  4857.626     607.0     1.476    -3.320               7.650
  4857.630     607.0     1.104    -4.511               7.650
  4857.666 106.00112     0.680    -3.101               3.456
  4857.703 106.00113     3.171    -2.517               3.456
  4857.734 106.00112     3.090    -3.762               3.456
  4857.769     107.0     3.050    -3.695               3.450
  4857.791 106.00112     3.090    -3.772               3.456
  4857.866 106.00113     3.171    -2.529               3.456
  4857.892      27.1     5.055    -3.940
  4857.906 106.00112     1.922    -3.118               3.456
  4857.914      27.1     8.061    -3.166
  4857.925      69.1     4.435    -1.530
  4857.928     607.0     1.372    -2.999               7.650
  4857.949      27.0     0.582    -4.554
  4857.956      25.0     5.214    -2.332
  4857.958 106.00113     2.307    -2.622               3.456
  4858.057      22.0     3.441    -2.146
  4858.090      92.1     0.569    -1.691
  4858.094      90.1     2.352    -1.150
  4858.112     607.0     0.311    -4.425               7.650
  4858.135 106.00112     1.922    -4.730               3.456
  4858.159 106.00112     2.211    -2.635               3.456
  4858.184     607.0     1.345    -4.649               7.650
  4858.187 106.00113     1.090    -3.420               3.456
  4858.216      42.0     3.501    -0.511
  4858.225 106.00112     1.922    -3.101               3.456
  4858.246      26.0     4.191    -1.982
  4858.258      23.0     1.800    -4.475
  4858.258 106.00112     2.210    -2.648               3.456
  4858.267      26.0     4.283    -4.331
  4858.324 106.00112     0.597    -4.765               3.456
  4858.327      26.0     4.186    -2.959
  4858.333      90.1     1.287    -1.680
  4858.339      22.0     2.103    -4.399
  4858.357 106.00112     0.597    -2.737               3.456
  4858.380     607.0     0.279    -4.484               7.650
  4858.386      23.1     6.522    -2.642
  4858.389      42.0     4.316    -0.318
  4858.398     607.0     0.279    -4.360               7.650
  4858.412 106.00113     0.357    -3.305               3.456
  4858.414      72.0     0.815    -2.100
  4858.433 106.00113     2.307    -2.634               3.456
  4858.438      24.1     8.525    -2.681
  4858.447 106.00112     0.597    -2.704               3.456
  4858.470      68.1     2.402    -0.458
  4858.470      69.1     4.288    -2.330
  4858.480 106.00112     0.597    -4.854               3.456
  4858.490 106.00112     0.670    -4.263               3.456
  4858.520      69.1     4.684    -1.890
  4858.523 106.00113     0.357    -3.305               3.456
  4858.525 106.00112     0.670    -4.263               3.456
  4858.537      23.0     2.581    -1.771
  4858.546 106.00112     1.922    -3.118               3.456
  4858.560 106.00112     3.639    -2.069               3.456
  4858.563 106.00112     0.837    -4.019               3.456
  4858.590      24.0     3.104    -3.407
  4858.601 106.00113     0.987    -4.268               3.456
  4858.617      21.1     8.272    -1.654
  4858.627 106.00113     1.090    -3.505               3.456
  4858.645     607.0     0.469    -4.932               7.650
  4858.681 106.00113     2.298    -3.385               3.456
  4858.702 106.00113     0.987    -4.268               3.456
  4858.705     607.0     1.586    -3.818               7.650
  4858.707 106.00112     3.639    -2.079               3.456
  4858.707 106.00112     1.922    -4.730               3.456
  4858.707     607.0     0.360    -3.854               7.650
  4858.709     607.0     0.295    -4.212               7.650
  4858.729      58.1     1.154     -0.86                                 LAWLER 
  4858.730 106.00113     3.639    -4.930               3.456
  4858.740 106.00112     3.171    -2.517               3.456
  4858.742      71.1     4.030    -1.410
  4858.745      23.0     2.040    -4.939
  4858.749 106.00112     1.041    -3.592               3.456
  4858.768 106.00113     2.298    -3.152               3.456
  4858.797 106.00112     1.922    -3.101               3.456
  4858.803      24.0     5.081    -1.696
  4858.831      22.0     3.294    -1.011
  4858.841      24.0     3.013    -3.111
  4858.860 106.00113     1.898    -3.136               3.456
  4858.865 106.00112     0.837    -3.941               3.456
  4858.875       6.0     8.537    -4.050
  4858.884 106.00113     1.898    -4.656               3.456
  4858.889 106.00112     0.670    -3.349               3.456
  4858.924 106.00112     0.670    -3.349               3.456
  4858.931 106.00112     3.171    -2.529               3.456
  4858.955 106.00112     3.639    -4.930               3.456
  4858.959     607.0     0.324    -3.725               7.650
  4858.970      66.0     0.513    -1.860
  4858.971 106.00112     1.041    -3.508               3.456
  4858.983 106.00113     3.630    -1.317               3.456
  4858.986 106.00113     3.630    -1.307               3.456
  4858.988     607.0     0.324    -4.725               7.650
  4859.000      59.1     0.422    -1.425
  4859.002     607.0     1.230    -4.701               7.650
  4859.027     607.0     1.189    -4.003               7.650
  4859.030      60.1     0.320     -0.44                                 LAWLER 
  4859.047      26.0     4.584    -3.550
  4859.050     607.0     1.178    -4.191               7.650
  4859.050     107.0     3.335    -3.334               3.450
  4859.074     607.0     1.189    -2.656               7.650
  4859.080 106.00113     0.987    -4.317               3.456
  4859.096     607.0     1.230    -3.410               7.650
  4859.100      24.0     4.533    -3.326
  4859.121     607.0     1.178    -3.116               7.650
  4859.122      26.0     4.191    -1.860
  4859.141      21.0     1.954    -2.412
  4859.182 106.00113     0.987    -4.317               3.456
  4859.217      25.0     4.660    -2.223
  4859.223      64.0     1.349    -0.148
  4859.229 106.00113     0.358    -4.240               3.456
  4859.232      26.0     4.835    -4.287
  4859.234      72.0     1.803    -0.810
  4859.259 106.00113     1.898    -3.111               3.456
  4859.299      26.0     4.796    -3.235
  4859.314 106.00113     0.358    -4.240               3.456
  4859.338      22.0     2.738    -3.328
  4859.342 106.00113     1.898    -4.656               3.456
  4859.375     607.0     0.381    -3.846               7.650
  4859.378 106.00113     1.898    -3.136               3.456
  4859.387     607.0     0.401    -4.047               7.650
  4859.387      25.0     3.373    -3.866
  4859.414     607.0     0.381    -4.515               7.650
  4859.445      69.1     3.783    -0.620
  4859.465     607.0     0.309    -4.694               7.650
  4859.466      70.1     5.341    -3.020
  4859.488      69.1     3.958    -1.260
  4859.491     607.0     0.309    -3.758               7.650
  4859.496 106.00112     2.821    -4.693               3.456
  4859.498      58.0     0.274     -0.41                                        
  4859.557      62.1     0.333    -1.510
  4859.560      20.0     5.994    -4.326
  4859.586      60.0     0.293     -0.20                                        
  4859.604 106.00113     0.358    -3.203               3.456
  4859.605     607.0     0.503    -4.269               7.650
  4859.628 106.00112     2.307    -2.622               3.456
  4859.689 106.00113     0.358    -3.203               3.456
  4859.694      92.1     0.000    -2.308
  4859.718 106.00113     1.898    -3.111               3.456
  4859.741    26.0       2.873    -0.764
  4859.753 106.00112     2.298    -3.152               3.456
  4859.756 106.00112     2.298    -3.385               3.456
  4859.770 106.00113     1.278    -4.307               3.456
  4859.772      20.0     6.035    -4.666
  4859.780      26.0     4.178    -3.540
  4859.801      24.0     3.013    -3.779
  4859.822 106.00113     0.987    -3.981               3.456
  4859.826      69.1     4.847    -2.170
  4859.843      39.0     1.355      0.01                                        
  4859.867 106.00113     1.279    -4.307               3.456
  4859.897 106.00113     0.987    -3.981               3.456
  4859.947     607.0     0.270    -4.968               7.650
  4860.034 106.00113     2.346    -3.154               3.456
  4860.039 106.00113     0.777    -4.195               3.456
  4860.065 106.00112     0.357    -3.305               3.456
  4860.074     607.0     1.140    -3.720               7.650
  4860.080     607.0     1.203    -2.655               7.650
  4860.086      69.1     4.708    -2.490
  4860.100 106.00113     0.777    -4.117               3.456
  4860.115     607.0     1.140    -3.061               7.650
  4860.129     607.0     1.203    -4.017               7.650
  4860.136 106.00112     2.307    -2.634               3.456
  4860.176 106.00112     0.357    -3.305               3.456
  4860.195      26.0     4.435    -3.137
  4860.202      24.1     3.871    -2.193
  4860.254 106.00113     1.278    -4.330               3.456
  4860.268     107.0     3.335    -3.334               3.450
  4860.271 106.00113     0.557    -4.852               3.456
  4860.291     607.0     1.295    -3.891               7.650
  4860.295      28.0     4.236    -1.379
  4860.308 106.00113     2.346    -3.371               3.456
  4860.313 106.00112     0.987    -4.268               3.456
  4860.339 106.00112     3.466    -4.215               3.456
  4860.351 106.00113     1.279    -4.330               3.456
  4860.375      24.0     2.544    -3.032
  4860.382      27.0     4.209    -4.319
  4860.415 106.00112     0.987    -4.268               3.456
  4860.474 106.00113     0.557    -2.774               3.456
  4860.495 106.00113     3.466    -1.060               3.456
  4860.510      72.1     2.211    -2.460
  4860.510     607.0     1.586    -3.811               7.650
  4860.529     607.0     0.284    -4.475               7.650
  4860.547 106.00112     3.466    -1.060               3.456
  4860.548      42.0     2.496    -2.008
  4860.548     607.0     0.284    -4.302               7.650
  4860.557      20.0     6.035    -2.057
  4860.606     607.0     1.277    -2.866               7.650
  4860.611 106.00113     3.466    -1.070               3.456
  4860.637 106.00112     1.898    -3.136               3.456
  4860.646      27.1     8.063    -3.912
  4860.663     607.0     1.277    -3.806               7.650
  4860.680    26.1      10.273    -0.380
  4860.703 106.00112     0.987    -4.317               3.456
  4860.734 106.00112     3.466    -1.070               3.456
  4860.746 106.00113     0.557    -2.738               3.456
  4860.751      42.0     2.680    -1.593
  4860.769      27.1     8.702    -3.385
  4860.805 106.00112     0.805    -4.106               3.456
  4860.805 106.00112     0.987    -4.317               3.456
  4860.820      70.1     4.014    -2.870
  4860.828 106.00113     3.187    -3.753               3.456
  4860.831 106.00113     1.546    -3.826               3.456
  4860.864 106.00112     3.376    -2.083               3.456
  4860.876 106.00113     1.546    -3.826               3.456
  4860.884   57.1139     0.244    -1.693                                 LAWLER 
  4860.885   57.1139     0.244    -2.622                                 LAWLER 
  4860.886      69.1     4.860    -1.150
  4860.886   57.1139     0.244    -3.836                                 LAWLER 
  4860.890   57.1139     0.244    -1.814                                 LAWLER 
  4860.891   57.1139     0.244    -2.417                                 LAWLER 
  4860.891   57.1139     0.244    -3.431                                 LAWLER 
  4860.894 106.00112     1.898    -4.656               3.456
  4860.895   57.1139     0.244    -1.950                                 LAWLER 
  4860.896   57.1139     0.244    -2.351                                 LAWLER 
  4860.897   57.1139     0.244    -3.220                                 LAWLER 
  4860.900   57.1139     0.244    -2.106                                 LAWLER 
  4860.900   57.1139     0.244    -2.355                                 LAWLER 
  4860.901   57.1139     0.244    -3.111                                 LAWLER 
  4860.903   57.1139     0.244    -2.291                                 LAWLER 
  4860.904   57.1139     0.244    -2.416                                 LAWLER 
  4860.904   57.1139     0.244    -3.089                                 LAWLER 
  4860.906   57.1139     0.244    -2.525                                 LAWLER 
  4860.906   57.1139     0.244    -2.538                                 LAWLER 
  4860.906   57.1139     0.244    -3.199                                 LAWLER 
  4860.907   57.1139     0.244    -2.867                                 LAWLER 
  4860.908   57.1139     0.244    -2.721                                 LAWLER 
  4860.942 106.00112     3.466    -4.215               3.456
  4860.946 106.00113     0.557    -4.725               3.456
  4860.951 106.00113     1.279    -4.021               3.456
  4860.968     8.1      28.824    -0.176
  4860.978      26.0     3.396    -2.560
  4860.991      92.1     0.670    -1.522
  4860.991 106.00112     1.898    -3.111               3.456
  4861.008 106.00113     3.187    -3.762               3.456
  4861.013 106.00112     0.358    -4.240               3.456
  4861.020 106.00112     2.346    -3.154               3.456
  4861.024 106.00113     1.279    -4.021               3.456
  4861.089     607.0     1.521    -4.645               7.650
  4861.094     607.0     0.371    -3.834               7.650
  4861.098 106.00112     0.358    -4.240               3.456
  4861.136 106.00112     0.805    -4.028               3.456
  4861.141      26.1     9.112    -3.893
  4861.152 106.00113     1.555    -3.363               3.456
  4861.154 106.00112     1.898    -3.136               3.456
  4861.159      23.0     2.895    -3.218
  4861.197      24.0     2.544    -1.666
  4861.202 106.00112     2.346    -3.371               3.456
  4861.204      42.0     3.247    -2.047
  4861.206 106.00112     0.358    -3.203               3.456
  4861.217      90.0     1.006    -1.580
  4861.244 106.00113     1.555    -3.363               3.456
  4861.292 106.00112     0.358    -3.203               3.456
  4861.296 106.00113     1.546    -3.672               3.456
  4861.302     607.0     0.311    -4.418               7.650
  4861.313 106.00113     1.566    -3.160               3.456
  4861.320 106.00113     0.558    -4.852               3.456
  4861.324     607.0     1.282    -2.757               7.650
  4861.324      24.0     4.449    -3.686
  4861.341 106.00113     1.546    -3.672               3.456
  4861.353 106.00112     1.898    -4.656               3.456
  4861.372      26.0     4.638    -2.521
  4861.404     607.0     1.282    -4.483               7.650
  4861.419 106.00112     3.376    -2.093               3.456
  4861.436 106.00113     1.581    -3.034               3.456
  4861.450 106.00112     1.898    -3.111               3.456
  4861.469 106.00113     1.567    -3.160               3.456
  4861.474      24.0     4.535    -2.977
  4861.488      69.1     4.140    -2.040
  4861.530 106.00112     1.278    -4.307               3.456
  4861.533 106.00113     1.555    -3.891               3.456
  4861.554 106.00113     1.598    -2.943               3.456
  4861.561 106.00112     0.987    -3.981               3.456
  4861.598      68.1     0.055    -2.564
  4861.613      23.1     3.973    -3.560
  4861.614     607.0     0.302    -4.170               7.650
  4861.615 106.00113     0.558    -2.774               3.456
  4861.623 106.00112     3.020    -2.812               3.456
  4861.625 106.00113     1.555    -3.891               3.456
  4861.627 106.00112     1.279    -4.307               3.456
  4861.637 106.00112     0.987    -3.981               3.456
  4861.642     607.0     0.333    -3.695               7.650
  4861.653     607.0     0.316    -4.699               7.650
  4861.665 106.00113     1.566    -4.042               3.456
  4861.667 106.00113     1.581    -3.034               3.456
  4861.673     607.0     0.333    -4.730               7.650
  4861.681     607.0     0.316    -3.726               7.650
  4861.684      26.0     4.956    -4.037
  4861.696 106.00113     1.618    -2.873               3.456
  4861.701      69.1     4.364    -1.930
  4861.709      24.0     3.375    -3.298
  4861.715     607.0     0.483    -4.940               7.650
  4861.734 106.00113     1.581    -4.423               3.456
  4861.739      58.0     0.028     -1.02                                        
  4861.746 106.00113     1.598    -4.483               3.456
  4861.753 106.00113     1.567    -4.370               3.456
  4861.779 106.00113     1.581    -4.153               3.456
  4861.789      64.0     1.401    -0.098
  4861.795 106.00112     1.090    -3.505               3.456
  4861.795 106.00113     0.558    -2.738               3.456
  4861.800 106.00113     1.555    -4.323               3.456
  4861.802 106.00113     1.618    -4.521               3.456
  4861.814 106.00113     3.635    -2.079               3.456
  4861.821 106.00113     1.567    -4.042               3.456
  4861.821      58.1     0.634     -2.23                                 LAWLER 
  4861.842      24.0     2.545    -0.956
  4861.861 106.00113     2.743    -2.303               3.456
  4861.864      44.0     1.317    -1.440
  4861.866 106.00113     1.547    -4.319               3.456
  4861.868 106.00113     1.555    -4.323               3.456
  4861.876 106.00113     1.598    -2.943               3.456
  4861.878 106.00113     1.567    -4.370               3.456
  4861.885 106.00113     1.876    -3.160               3.456
  4861.887 106.00113     1.640    -2.818               3.456
  4861.894 106.00113     1.547    -4.319               3.456
  4861.902 106.00113     1.598    -4.247               3.456
  4861.918 106.00113     1.640    -4.595               3.456
  4861.925 106.00113     2.743    -2.316               3.456
  4861.928 106.00113     1.581    -4.423               3.456
  4861.932 106.00112     1.278    -4.330               3.456
  4861.937 106.00112     3.020    -2.799               3.456
  4861.951 106.00113     1.809    -4.581               3.456
  4861.961 106.00113     2.119    -2.649               3.456
  4861.977 106.00113     1.809    -4.581               3.456
  4861.980 106.00113     1.876    -4.570               3.456
  4861.983     607.0     1.107    -4.058               7.650
  4862.010 106.00112     1.090    -3.420               3.456
  4862.010 106.00113     1.581    -4.153               3.456
  4862.022 106.00113     1.598    -4.483               3.456
  4862.029 106.00112     1.279    -4.330               3.456
  4862.029 106.00113     2.119    -2.662               3.456
  4862.041      25.0     3.853    -1.383
  4862.060 106.00112     2.743    -2.303               3.456
  4862.060 106.00113     1.618    -4.325               3.456
  4862.067 106.00112     0.557    -4.725               3.456
  4862.077 106.00113     1.581    -2.949               3.456
  4862.084 106.00112     0.557    -2.774               3.456
  4862.086      27.0     4.064    -0.901
  4862.088 106.00113     0.558    -4.725               3.456
  4862.093 106.00113     1.598    -2.877               3.456
  4862.103 106.00113     3.635    -2.069               3.456
  4862.103 106.00113     1.567    -3.045               3.456
  4862.110 106.00113     1.666    -4.644               3.456
  4862.121 106.00113     1.618    -2.873               3.456
  4862.143 106.00113     1.666    -2.774               3.456
  4862.159      23.0     2.863    -3.619
  4862.164 106.00113     3.090    -3.772               3.456
  4862.164 106.00113     1.618    -2.820               3.456
  4862.168     607.0     0.392    -3.825               7.650
  4862.176 106.00113     1.618    -4.521               3.456
  4862.178      22.0     2.778    -3.499
  4862.181 106.00113     1.555    -3.184               3.456
  4862.210     607.0     0.392    -4.523               7.650
  4862.211 106.00113     3.376    -2.083               3.456
  4862.218 106.00112     2.743    -2.316               3.456
  4862.223 106.00113     1.598    -4.247               3.456
  4862.228 106.00113     1.567    -3.045               3.456
  4862.229      20.0     5.045    -2.402
  4862.249 106.00113     1.555    -3.184               3.456
  4862.268 106.00113     1.640    -4.396               3.456
  4862.270 106.00113     1.581    -2.949               3.456
  4862.277     607.0     1.295    -3.886               7.650
  4862.292 106.00113     1.876    -3.160               3.456
  4862.299 106.00113     1.640    -2.776               3.456
  4862.318 106.00112     0.557    -2.738               3.456
  4862.332 106.00113     1.547    -3.436               3.456
  4862.334 106.00112     0.557    -4.852               3.456
  4862.334 106.00113     1.877    -4.570               3.456
  4862.337 106.00113     1.876    -3.128               3.456
  4862.345     607.0     0.401    -4.036               7.650
  4862.360 106.00113     1.547    -3.436               3.456
  4862.363      25.0     4.332    -4.127
  4862.365     607.0     1.362    -3.065               7.650
  4862.370 106.00113     1.598    -2.877               3.456
  4862.393 106.00113     1.694    -4.698               3.456
  4862.396      23.0     3.731    -3.987
  4862.403 106.00113     1.641    -4.595               3.456
  4862.429 106.00113     1.641    -2.818               3.456
  4862.468     607.0     1.362    -4.986               7.650
  4862.469 106.00113     3.090    -3.762               3.456
  4862.486 106.00113     1.694    -2.739               3.456
  4862.486 106.00113     1.618    -4.325               3.456
  4862.498      23.0     3.131    -3.301
  4862.502     607.0     0.274    -4.930               7.650
  4862.514 106.00113     1.666    -2.740               3.456
  4862.538 106.00113     1.618    -2.820               3.456
  4862.538      26.0     4.154    -2.549
  4862.540 106.00113     2.347    -3.154               3.456
  4862.547 106.00113     1.666    -4.479               3.456
  4862.561 106.00113     1.142    -3.330               3.456
  4862.599      26.0     4.154    -1.628
  4862.600      64.0     1.311    -0.020
  4862.600     607.0     1.522    -4.316               7.650
  4862.611      23.0     2.583    -3.884
  4862.613 106.00113     2.347    -3.371               3.456
  4862.616 106.00113     3.376    -2.093               3.456
  4862.665      21.1     8.189    -1.664
  4862.665 106.00112     1.546    -3.826               3.456
  4862.691 106.00113     1.877    -3.128               3.456
  4862.710 106.00112     1.546    -3.826               3.456
  4862.713 106.00113     1.666    -4.644               3.456
  4862.739 106.00112     1.279    -4.021               3.456
  4862.744      23.0     2.895    -2.947
  4862.757      69.1     4.364    -1.310
  4862.784 106.00113     1.641    -2.776               3.456
  4862.791 106.00113     1.724    -4.716               3.456
  4862.810 106.00113     1.641    -4.396               3.456
  4862.812 106.00112     1.279    -4.021               3.456
  4862.817 106.00113     1.666    -2.774               3.456
  4862.817      24.1     8.673    -4.252
  4862.824 106.00113     1.694    -2.712               3.456
  4862.842     607.0     0.289    -4.468               7.650
  4862.863     607.0     0.289    -4.250               7.650
  4862.919 106.00113     1.694    -4.547               3.456
  4862.930      69.0     2.164    -1.270
  4862.940 106.00113     1.724    -2.711               3.456
  4862.945 106.00113     3.020    -2.812               3.456
  4862.982 106.00112     1.555    -3.363               3.456
  4862.994      22.1     5.567    -1.890
  4863.022     607.0     1.396    -3.001               7.650
  4863.051 106.00113     2.214    -2.635               3.456
  4863.056 106.00112     1.546    -3.672               3.456
  4863.060 106.00113     1.142    -3.416               3.456
  4863.065      74.0     2.787    -0.830
  4863.075 106.00112     1.555    -3.363               3.456
  4863.101 106.00112     1.546    -3.672               3.456
  4863.110     607.0     1.396    -4.263               7.650
  4863.117 106.00113     1.666    -2.740               3.456
  4863.129 106.00113     1.694    -4.698               3.456
  4863.136 106.00112     1.566    -3.160               3.456
  4863.170     607.0     0.525    -4.272               7.650
  4863.173      90.1     0.831    -1.287
  4863.179      69.1     4.141    -2.120
  4863.193      69.1     4.114    -0.890
  4863.209 106.00112     0.558    -4.725               3.456
  4863.221 106.00113     1.666    -4.479               3.456
  4863.226 106.00112     0.558    -2.774               3.456
  4863.250 106.00112     1.581    -3.034               3.456
  4863.252 106.00113     1.724    -2.690               3.456
  4863.252      58.0     0.206     -0.48                                        
  4863.257 106.00112     1.555    -3.891               3.456
  4863.278      72.0     1.790    -1.050
  4863.292 106.00112     1.567    -3.160               3.456
  4863.299 106.00113     1.694    -2.739               3.456
  4863.318 106.00113     0.751    -4.288               3.456
  4863.323 106.00113     1.758    -4.779               3.456
  4863.349 106.00112     1.566    -4.042               3.456
  4863.349 106.00112     1.555    -3.891               3.456
  4863.356 106.00112     1.598    -2.943               3.456
  4863.368 106.00112     0.558    -2.738               3.456
  4863.385 106.00112     0.558    -4.852               3.456
  4863.403 106.00113     1.724    -4.593               3.456
  4863.414     607.0     1.203    -4.011               7.650
  4863.422 106.00112     1.581    -4.153               3.456
  4863.444      27.0     1.956    -2.877
  4863.448 106.00113     3.020    -2.799               3.456
  4863.463     607.0     1.203    -2.640               7.650
  4863.467 106.00113     0.751    -4.209               3.456
  4863.482 106.00112     1.581    -3.034               3.456
  4863.483    19.0       1.617    -2.690
  4863.486      25.0     5.112    -2.168
  4863.486 106.00112     1.618    -2.873               3.456
  4863.503 106.00112     1.598    -4.247               3.456
  4863.505 106.00112     1.567    -4.042               3.456
  4863.508 106.00112     2.347    -3.371               3.456
  4863.515 106.00113     2.214    -2.648               3.456
  4863.527 106.00112     2.347    -3.154               3.456
  4863.529 106.00113     1.758    -2.689               3.456
  4863.541      70.1     7.520    -1.960
  4863.559      22.0     2.305    -2.799
  4863.560 106.00113     1.694    -2.712               3.456
  4863.600      24.0     5.486    -3.332
  4863.614 106.00112     1.618    -4.325               3.456
  4863.616 106.00112     0.777    -4.195               3.456
  4863.623     607.0     0.381    -3.814               7.650
  4863.626 106.00113     3.466    -4.215               3.456
  4863.628      24.1     8.356    -4.406
  4863.633      28.1     8.899    -3.270
  4863.639     607.0     1.282    -4.481               7.650
  4863.644      26.0     3.430    -1.793
  4863.654 106.00112     1.581    -4.153               3.456
  4863.659      27.0     3.530    -2.425
  4863.661 106.00112     1.640    -2.818               3.456
  4863.668 106.00113     1.725    -4.716               3.456
  4863.673      58.1     1.013     -1.57                                 LAWLER 
  4863.678 106.00112     1.598    -2.943               3.456
  4863.699 106.00112     2.119    -2.649               3.456
  4863.704 106.00112     1.567    -4.370               3.456
  4863.706 106.00112     1.581    -4.423               3.456
  4863.709 106.00112     1.876    -3.160               3.456
  4863.719     607.0     1.282    -2.747               7.650
  4863.721 106.00113     3.218    -1.443               3.456
  4863.725 106.00113     3.545    -4.215               3.456
  4863.730 106.00112     1.555    -4.323               3.456
  4863.732 106.00113     1.694    -4.547               3.456
  4863.737 106.00112     1.598    -4.483               3.456
  4863.752      22.0     2.250    -1.086
  4863.773 106.00112     1.547    -4.319               3.456
  4863.775 106.00112     1.640    -4.396               3.456
  4863.777      26.0     3.039    -3.382
  4863.779     607.0     1.198    -3.112               7.650
  4863.783     607.0     1.277    -2.847               7.650
  4863.799 106.00112     1.555    -4.323               3.456
  4863.799 106.00112     2.119    -2.662               3.456
  4863.801 106.00112     1.547    -4.319               3.456
  4863.810 106.00112     1.618    -4.521               3.456
  4863.820 106.00113     1.758    -2.674               3.456
  4863.825 106.00112     1.598    -4.247               3.456
  4863.829 106.00112     1.567    -4.370               3.456
  4863.832      24.0     4.186    -1.807
  4863.838      58.1     1.273     -1.29                                 LAWLER 
  4863.845      69.1     3.379    -1.350
  4863.850      70.1     6.660    -2.010
  4863.865 106.00113     0.999    -3.809               3.456
  4863.879 106.00112     1.581    -2.949               3.456
  4863.884 106.00112     1.598    -2.877               3.456
  4863.900 106.00112     1.666    -2.774               3.456
  4863.900 106.00112     1.581    -4.423               3.456
  4863.905 106.00113     1.725    -2.711               3.456
  4863.912 106.00112     1.618    -2.873               3.456
  4863.917 106.00112     1.567    -3.045               3.456
  4863.925      28.0     3.740    -0.849
  4863.926 106.00112     1.809    -4.581               3.456
  4863.938 106.00112     1.618    -2.820               3.456
  4863.943 106.00112     1.640    -4.595               3.456
  4863.952 106.00112     1.809    -4.581               3.456
  4863.986 106.00112     0.777    -4.117               3.456
  4863.993      26.0     3.301    -4.070
  4863.996     607.0     1.523    -4.311               7.650
  4864.002      27.0     4.110    -1.619
  4864.002 106.00112     1.666    -4.479               3.456
  4864.005 106.00112     1.555    -3.184               3.456
  4864.007 106.00112     1.876    -4.570               3.456
  4864.010     607.0     0.324    -4.706               7.650
  4864.014 106.00112     1.598    -4.483               3.456
  4864.019 106.00113     3.218    -1.431               3.456
  4864.021 106.00113     1.793    -4.848               3.456
  4864.026 106.00113     1.758    -4.644               3.456
  4864.035 106.00113     0.999    -3.809               3.456
  4864.039     607.0     0.324    -3.696               7.650
  4864.040 106.00112     1.618    -4.325               3.456
  4864.042 106.00112     1.567    -3.045               3.456
  4864.057 106.00112     1.640    -2.776               3.456
  4864.068      23.0     2.616    -3.591
  4864.073 106.00112     1.581    -2.949               3.456
  4864.073 106.00112     1.555    -3.184               3.456
  4864.116 106.00112     1.876    -3.160               3.456
  4864.116 106.00112     1.876    -3.128               3.456
  4864.130      69.1     4.235    -2.610
  4864.130 106.00113     1.725    -2.690               3.456
  4864.151 106.00112     1.666    -4.644               3.456
  4864.161 106.00112     1.598    -2.877               3.456
  4864.161      24.1     8.363    -3.790
  4864.163 106.00112     1.547    -3.436               3.456
  4864.174      22.0     2.160    -1.123
  4864.184 106.00112     1.618    -4.521               3.456
  4864.191 106.00112     1.547    -3.436               3.456
  4864.203 106.00112     1.641    -2.818               3.456
  4864.213      27.0     4.259    -4.530
  4864.217     607.0     0.328    -4.412               7.650
  4864.220 106.00113     2.818    -2.303               3.456
  4864.225 106.00112     1.694    -2.739               3.456
  4864.237     607.0     1.362    -4.984               7.650
  4864.241      25.0     3.373    -4.495
  4864.251 106.00113     0.999    -4.294               3.456
  4864.253 106.00112     1.666    -2.740               3.456
  4864.265      22.0     2.778    -3.904
  4864.271      28.0     3.743    -0.783
  4864.279 106.00113     1.793    -2.674               3.456
  4864.308      24.0     2.914    -4.837
  4864.312 106.00112     1.618    -2.820               3.456
  4864.317 106.00112     1.694    -4.547               3.456
  4864.317 106.00112     1.641    -4.396               3.456
  4864.326      24.1     3.858    -1.470
  4864.340     607.0     1.362    -3.058               7.650
  4864.355 106.00113     1.758    -4.779               3.456
  4864.362 106.00112     1.877    -4.570               3.456
  4864.369 106.00113     1.725    -4.593               3.456
  4864.419 106.00112     2.818    -2.303               3.456
  4864.421 106.00113     0.999    -4.294               3.456
  4864.428 106.00112     1.641    -4.595               3.456
  4864.438      25.0     4.666    -3.305
  4864.449 106.00112     1.694    -4.698               3.456
  4864.471 106.00112     1.877    -3.128               3.456
  4864.472     607.0     0.341    -3.667               7.650
  4864.505     607.0     0.341    -4.736               7.650
  4864.542 106.00112     1.641    -2.776               3.456
  4864.542 106.00112     1.694    -2.712               3.456
  4864.551 106.00113     1.793    -2.664               3.456
  4864.568 106.00113     2.398    -3.373               3.456
  4864.575 106.00112     1.666    -2.774               3.456
  4864.584 106.00113     2.946    -2.915               3.456
  4864.589      74.1     2.951    -0.890
  4864.596      21.0     1.986    -2.237
  4864.601      26.0     4.256    -4.479
  4864.606 106.00113     2.818    -2.290               3.456
  4864.645      69.1     4.723    -3.650
  4864.655 106.00113     1.758    -2.689               3.456
  4864.658     607.0     0.309    -4.130               7.650
  4864.658 106.00112     1.724    -2.711               3.456
  4864.677 106.00112     1.666    -4.479               3.456
  4864.705 106.00112     2.818    -2.290               3.456
  4864.731      23.0     0.017    -0.960
  4864.742      42.0     3.501    -1.477
  4864.743 106.00112     1.724    -4.593               3.456
  4864.752 106.00113     1.000    -3.638               3.456
  4864.755 106.00112     1.666    -4.644               3.456
  4864.757 106.00112     2.214    -2.635               3.456
  4864.793 106.00113     2.946    -2.901               3.456
  4864.808      22.0     3.128    -1.820
  4864.809 106.00113     1.793    -4.699               3.456
  4864.810      60.1     0.975     -1.04                                 LAWLER 
  4864.835      23.0     1.183    -1.240
  4864.850 106.00113     2.398    -3.354               3.456
  4864.852 106.00113     1.758    -2.674               3.456
  4864.857 106.00112     1.666    -2.740               3.456
  4864.861 106.00112     1.724    -4.716               3.456
