Y 48835200 +/-10 A
  5195.742      23.0     3.273    -2.955
  5195.767      21.0     3.083    -2.710
  5195.814      90.0     0.615    -1.456
  5195.814     607.0     1.088    -2.508               7.650
  5195.834      41.0     0.142    -1.400
  5195.851     607.0     1.088    -3.594               7.650
  5195.869      25.1     7.758    -2.648
  5195.942      27.0     2.871    -1.592
  5195.955     607.0     1.055    -2.961               7.650
  5196.037      42.0     2.758    -2.193
  5196.058 106.00112     1.917    -3.425               3.456
  5196.059      26.0     4.256    -0.623
  5196.074 106.00112     1.917    -3.444               3.456
  5196.088      70.0     3.387     0.055
  5196.152      33.0     6.285     0.200
  5196.212     607.0     1.023    -3.737               7.650
  5196.234     607.0     1.041    -3.318               7.650
  5196.261     607.0     1.041    -3.028               7.650
  5196.376      24.0     4.446    -3.419
  5196.377 106.00112     3.300    -2.931               3.456
  5196.377      24.1     8.091    -3.180
  5196.407 106.00112     3.300    -2.920               3.456
  5196.411     607.0     1.260    -2.638               7.650
  5196.412      62.1     0.998    -1.990
  5196.422      39.1     1.747     -0.88                                        
  5196.440    26.1      10.379    -0.630
  5196.444      21.0     3.172    -3.173
  5196.446      24.0     3.449    -0.270
  5196.454      22.0     3.111    -3.695
  5196.464      24.0     3.556    -3.062
  5196.494      24.0     2.709    -3.733
  5196.513      20.0     5.671    -3.186
  5196.564      24.0     3.449    -0.460
  5196.569      69.1     4.756    -1.900
  5196.593      25.0     2.535    -2.530
  5196.604      71.0     2.294     0.100
  5196.613     607.0     1.177    -3.403               7.650
  5196.628      26.0     5.020    -3.624
  5196.639 106.00112     3.218    -2.942               3.456
  5196.655 106.00112     3.218    -2.931               3.456
  5196.663      23.0     3.806    -2.592
  5196.682      23.0     3.286    -2.019
  5196.939 106.00112     3.556    -3.123               3.456
  5197.014      24.0     4.449    -2.088
  5197.041      70.1     7.618    -3.610
  5197.060      44.0     1.321    -2.920
  5197.084      24.0     3.847    -2.690
  5197.086     607.0     0.262    -3.842               7.650
  5197.097      26.0     3.984    -3.934
  5197.134      14.0     4.954    -3.976
  5197.155      21.1     8.255    -4.421
  5197.157      28.0     3.898    -1.190
  5197.193 106.00112     3.556    -3.134               3.456
  5197.200      20.0     5.300    -4.110
  5197.216      24.0     3.556    -2.087
  5197.217      25.0     3.535    -1.810
  5197.241 106.00113     3.708    -2.516               3.456
  5197.256      20.0     5.321    -4.864
  5197.297     607.0     0.129    -4.082               7.650
  5197.299      14.0     3.954    -4.888
  5197.380      26.0     2.250    -4.900
  5197.390 106.00113     3.300    -2.931               3.456
  5197.441 106.00113     3.218    -2.942               3.456
  5197.480      26.1     5.956    -3.134
  5197.525 106.00112     2.937    -3.322               3.456
  5197.568    26.1       3.530    -2.050
  5197.577      26.0     4.956    -2.208
  5197.586      20.0     4.624    -4.498
  5197.597      69.1     4.854    -0.600
  5197.636 106.00113     3.300    -2.920               3.456
  5197.666      66.1     0.538    -1.850
  5197.668 106.00113     3.218    -2.931               3.456
  5197.674 106.00113     2.221    -3.388               3.456
  5197.692      22.0     3.559    -3.410
  5197.706      70.1     5.856    -3.810
  5197.706 106.00112     2.937    -3.337               3.456
  5197.712 106.00112     3.381    -2.920               3.456
  5197.742      26.0     4.864    -2.449
  5197.755 106.00112     3.382    -2.909               3.456
  5197.768      26.0     3.171    -4.413
  5197.773      64.0     0.881     0.050
  5197.784      26.0     5.070    -4.789
  5197.806 106.00113     3.708    -2.506               3.456
  5197.813     607.0     1.151    -2.654               7.650
  5197.862     607.0     1.151    -3.388               7.650
  5197.890     607.0     1.159    -4.041               7.650
  5197.909     607.0     0.278    -3.848               7.650
  5197.936      26.0     4.301    -1.570
  5197.969     607.0     0.177    -4.989               7.650
  5197.969     607.0     1.159    -2.404               7.650
  5197.972      24.0     5.667    -1.831
  5197.976     607.0     0.278    -4.807               7.650
  5198.022     607.0     0.177    -3.658               7.650
  5198.053      60.0     0.140     -0.68                                        
  5198.070     607.0     0.118    -4.700               7.650
  5198.076 106.00113     2.221    -3.370               3.456
  5198.094     607.0     1.079    -3.573               7.650
  5198.114     607.0     0.118    -4.096               7.650
  5198.120      22.0     3.399    -3.178
  5198.125      27.0     4.395    -3.847
  5198.128     607.0     0.190    -3.658               7.650
  5198.130     607.0     1.079    -2.508               7.650
  5198.131      23.0     2.575    -4.754
  5198.165    27.1      11.279    -0.200
  5198.248     607.0     1.485    -3.320               7.650
  5198.317      22.0     1.751    -2.074
  5198.341 106.00112     3.137    -2.953               3.456
  5198.347 106.00112     3.137    -2.942               3.456
  5198.391     607.0     1.485    -4.849               7.650
  5198.409      24.0     4.447    -1.383
  5198.420 106.00113     1.919    -3.425               3.456
  5198.462      69.1     4.355    -3.040
  5198.485 106.00113     1.919    -3.444               3.456
  5198.509      28.1     9.909    -3.801
  5198.528 106.00112     1.171    -3.178               3.456
  5198.531      24.1     6.805    -4.835
  5198.541      22.0     2.305    -4.550
  5198.544 106.00112     2.221    -3.388               3.456
  5198.550      42.0     3.303    -1.425
  5198.555 106.00112     1.171    -4.909               3.456
  5198.711    26.0       2.221    -2.135
  5198.760 106.00112     2.221    -3.370               3.456
  5198.800      90.0     1.305    -0.775
  5198.817 106.00112     0.271    -3.108               3.456
  5198.832     607.0     1.177    -4.797               7.650
  5198.838      22.0     3.569    -3.758
  5198.867      26.0     2.847    -4.078
  5198.902     607.0     1.140    -2.644               7.650
  5198.936 106.00113     3.137    -2.953               3.456
  5198.941 106.00113     3.381    -2.920               3.456
  5198.952      25.0     5.396    -4.080
  5198.955     607.0     1.177    -3.398               7.650
  5198.960      21.1     8.240    -3.551
  5199.110      69.0     2.530    -0.700
  5199.119    26.1      10.379     0.120
  5199.120     607.0     1.086    -2.778               7.650
  5199.128     607.0     1.326    -3.058               7.650
  5199.149      70.1     5.868    -2.530
  5199.150 106.00113     3.137    -2.942               3.456
  5199.164      90.0     0.479    -1.312
  5199.199     607.0     1.246    -3.802               7.650
  5199.204      64.1     1.621    -1.290
  5199.206 106.00113     3.382    -2.909               3.456
  5199.220      69.1     4.899    -2.280
  5199.250 106.00113     3.556    -3.123               3.456
  5199.252 106.00113     3.556    -3.134               3.456
  5199.282 106.00112     1.919    -3.425               3.456
  5199.315      24.1     8.751    -3.930
  5199.361      26.0     4.733    -3.989
  5199.388     607.0     1.097    -2.482               7.650
  5199.390     607.0     1.047    -3.318               7.650
  5199.398      24.1     6.897    -3.136
  5199.417     607.0     1.131    -2.991               7.650
  5199.418     607.0     1.047    -2.988               7.650
  5199.428     607.0     1.097    -3.601               7.650
  5199.474      25.0     4.429    -1.718
  5199.510      22.0     3.409    -4.196
  5199.513    27.1      11.451     0.870
  5199.531      26.0     3.882    -3.866
  5199.539 106.00112     1.919    -3.444               3.456
  5199.563 106.00112     3.708    -2.516               3.456
  5199.582      26.0     3.000    -3.800
  5199.620     607.0     1.029    -3.721               7.650
  5199.655      23.1     2.268    -3.988
  5199.690    27.1      11.279    -0.210
  5199.696      26.0     3.547    -3.629
  5199.715      27.0     2.877    -4.803
  5199.722      60.0     0.000     -0.81                                        
  5199.728     607.0     1.062    -2.927               7.650
  5199.728      24.1     6.805    -4.167
  5199.779      26.0     5.033    -3.420
  5199.877      44.0     3.615     0.410
  5200.004      25.1     7.760    -2.656
  5200.022      42.0     3.247    -1.898
  5200.066      23.0     2.256    -3.092
  5200.083      23.1     3.803    -4.778
  5200.109      58.0     0.384     -0.65                                        
  5200.121      60.1     0.559     -0.49                                        
  5200.123      25.0     4.429    -1.242
  5200.129 106.00112     3.708    -2.506               3.456
  5200.153      42.0     2.680    -0.933
  5200.173      24.0     3.385    -0.660
  5200.175      21.0     2.608    -2.893
  5200.250      21.1     8.253    -4.790
  5200.271     607.0     1.243    -4.094               7.650
  5200.330     607.0     1.485    -3.312               7.650
  5200.350      23.0     2.616    -0.784
  5200.365      28.0     4.088    -1.489
  5200.372      69.1     4.940    -2.010
  5200.408      58.0     0.302     -0.67                                        
  5200.413      39.1     0.992     -0.57                                BIEMONT 
  5200.426      69.1     2.620    -3.170
  5200.461      58.0     0.978     -0.49                                        
  5200.539      70.1     4.964    -1.140
  5200.541      64.1     2.473    -0.360
  5200.578      62.0     0.185     0.009
  5200.732       6.0     8.771    -3.970
  5200.738      42.0     2.276    -1.693
  5200.771      70.1     5.747    -2.140
  5200.794     607.0     1.282    -2.641               7.650
  5200.798    26.1      10.391    -0.040
  5200.810      69.1     3.102    -2.250
  5200.824 106.00112     3.463    -2.909               3.456
  5200.840      23.0     2.359    -2.686
  5200.881 106.00112     3.463    -2.899               3.456
  5200.885     607.0     1.282    -3.834               7.650
  5200.897      29.0     5.421    -0.933
  5200.954      63.0     1.976      0.10                                        
  5201.024    16.1      15.068     0.089
  5201.081    22.0       2.092    -0.660
  5201.115      69.1     4.856    -2.210
  5201.134     607.0     1.326    -3.052               7.650
  5201.143      40.0     0.542     -1.72                                        
  5201.157 106.00113     2.438    -3.207               3.456
  5201.180     607.0     1.390    -2.890               7.650
  5201.186 106.00113     2.223    -3.388               3.456
  5201.192      69.1     3.592    -3.140
  5201.219      70.1     7.273    -1.830
  5201.276      25.0     4.429    -1.104
  5201.287 106.00113     2.438    -3.194               3.456
  5201.300     607.0     1.390    -4.287               7.650
  5201.314     607.0     1.088    -3.580               7.650
  5201.322 106.00112     3.056    -2.953               3.456
  5201.327 106.00113     2.223    -3.370               3.456
  5201.330 106.00112     3.056    -2.964               3.456
  5201.337      70.1     7.080    -2.030
  5201.352     607.0     1.088    -2.483               7.650
  5201.368      58.0     0.000     -0.83                                        
  5201.387      23.0     2.505    -4.149
  5201.387    16.1      15.068    -0.713
  5201.437      82.0     3.653    -0.700
  5201.444      62.0     1.543    -0.036
  5201.449 106.00113     2.285    -3.598               3.456
  5201.468      24.1     8.673    -2.828
  5201.490     607.0     0.278    -3.829               7.650
  5201.549      22.0     3.104    -2.155
  5201.579     607.0     1.164    -2.636               7.650
  5201.601      23.0     2.359    -3.106
  5201.630     607.0     1.164    -3.396               7.650
  5201.632      69.1     4.096    -3.020
  5201.693 106.00112     2.438    -3.194               3.456
  5201.725 106.00113     3.056    -2.964               3.456
  5201.752 106.00112     2.438    -3.207               3.456
  5201.785 106.00113     2.285    -3.611               3.456
  5201.803 106.00112     2.285    -3.598               3.456
  5201.857     607.0     1.596    -4.021               7.650
  5201.917 106.00113     3.056    -2.953               3.456
  5201.920      26.0     4.991    -4.083
  5201.964     607.0     0.140    -4.060               7.650
  5202.012 106.00112     2.223    -3.370               3.456
  5202.058 106.00112     2.223    -3.388               3.456
  5202.091     607.0     1.131    -4.224               7.650
  5202.123      44.0     2.487    -0.910
  5202.154      69.1     4.856    -3.130
  5202.192     607.0     1.131    -2.985               7.650
  5202.242      21.0     3.189    -1.643
  5202.245     607.0     0.190    -4.998               7.650
  5202.247     607.0     1.420    -4.226               7.650
  5202.256      26.0     4.256    -0.967
  5202.257     607.0     1.255    -2.637               7.650
  5202.277 106.00113     3.463    -2.909               3.456
  5202.291     607.0     1.020    -4.076               7.650
  5202.300     607.0     0.190    -3.641               7.650
  5202.335     607.0     1.151    -2.626               7.650
  5202.336    26.0       2.174    -1.838
  5202.345 106.00112     2.285    -3.611               3.456
  5202.367     607.0     1.255    -4.511               7.650
  5202.380     607.0     1.244    -4.089               7.650
  5202.425     607.0     0.129    -4.708               7.650
  5202.459      58.0     0.998      0.07                                        
  5202.471     607.0     0.129    -4.072               7.650
  5202.502      23.0     1.893    -3.451
  5202.556 106.00112     3.303    -2.920               3.456
  5202.559 106.00113     3.463    -2.899               3.456
  5202.564     607.0     1.415    -3.755               7.650
  5202.567      24.1     6.285    -2.171
  5202.574     607.0     1.086    -3.756               7.650
  5202.583 106.00113     3.319    -2.847               3.456
  5202.586     607.0     0.294    -3.835               7.650
  5202.588      58.0     0.588     -0.34                                        
  5202.591    26.1      10.381    -0.720
  5202.637      76.0     1.260    -1.730
  5202.647     607.0     1.086    -2.771               7.650
  5202.655     607.0     0.294    -4.816               7.650
  5202.686      24.0     4.616    -3.041
  5202.700      62.1     0.333    -2.230
  5202.704     607.0     0.203    -3.641               7.650
  5202.714      22.0     3.108    -2.818
  5202.718     607.0     1.055    -3.320               7.650
  5202.749     607.0     1.055    -2.952               7.650
  5202.781 106.00112     3.221    -2.931               3.456
  5202.881      70.1     7.275    -2.010
  5202.927      23.1     2.601    -2.968
  5203.003 106.00113     3.319    -2.835               3.456
  5203.091      26.0     4.652    -5.097
  5203.112      22.0     2.250    -4.790
  5203.134     607.0     1.107    -2.459               7.650
  5203.175     607.0     1.107    -3.608               7.650
  5203.182      26.0     4.209    -4.797
  5203.195 106.00112     3.303    -2.931               3.456
  5203.217      41.0     1.079    -1.470
  5203.221     607.0     1.034    -3.710               7.650
  5203.238      76.0     1.411    -2.500
  5203.238      27.0     3.170    -3.740
  5203.244      74.0     2.422    -1.070
  5203.258      42.0     2.623    -2.342
  5203.270      58.0     0.294     -0.54                                        
  5203.277     607.0     1.261    -3.810               7.650
  5203.325      45.0     1.999    -2.390
  5203.394      22.0     3.294    -3.724
  5203.409 106.00112     3.221    -2.942               3.456
  5203.531     607.0     1.390    -2.881               7.650
  5203.601      23.0     2.578    -4.097
  5203.634    26.1      10.391    -0.110
  5203.654     607.0     1.282    -2.629               7.650
  5203.663     607.0     1.070    -2.895               7.650
  5203.690      26.0     3.884    -3.843
  5203.726      23.0     3.815    -3.152
  5203.726     607.0     1.596    -4.015               7.650
  5203.787      22.0     2.472    -3.828
  5203.788      28.0     5.284    -1.163
  5203.788 106.00113     3.303    -2.920               3.456
  5203.796 106.00113     3.221    -2.931               3.456
  5203.818      21.1     8.356    -1.842
  5203.853 106.00113     3.711    -2.506               3.456
  5203.918 106.00112     3.384    -2.909               3.456
  5203.933      42.0     3.168    -1.329
  5203.943      23.0     2.578    -2.717
  5203.943     607.0     1.040    -4.548               7.650
  5203.964      22.0     3.559    -2.471
  5203.970      23.0     3.911    -4.381
  5203.985      69.1     4.301    -1.640
  5204.010      22.0     3.583    -2.500
  5204.073 106.00113     3.711    -2.516               3.456
  5204.130      57.1     2.302     -0.28                                        
  5204.211 106.00113     3.303    -2.931               3.456
  5204.214 106.00113     3.221    -2.942               3.456
  5204.265      58.0     0.547     -0.29                                        
  5204.287      23.1     7.704    -3.008
  5204.313      92.1     0.779    -1.838
  5204.353     607.0     1.415    -3.749               7.650
  5204.373      60.0     0.000     -0.77                                        
  5204.395      24.1     8.469    -4.940
  5204.433 106.00112     3.140    -2.942               3.456
  5204.474 106.00113     1.507    -4.007               3.456
  5204.495 106.00113     1.334    -4.899               3.456
  5204.497     607.0     1.255    -4.510               7.650
  5204.503      74.0     2.533    -0.860
  5204.511      69.1     3.422    -0.384
  5204.511      24.0     0.941    -0.208
  5204.552      42.0     3.359    -1.870
  5204.568 106.00112     3.385    -2.920               3.456
  5204.583    26.0       0.087    -4.332
  5204.593      23.0     3.299    -1.383
  5204.607     607.0     1.255    -2.629               7.650
  5204.629      22.0     2.480    -3.384
  5204.650 106.00113     1.507    -3.989               3.456
  5204.694      26.0     2.949    -4.409
  5204.704     607.0     1.097    -3.588               7.650
  5204.717      58.0     0.493     -0.54                                        
  5204.743     607.0     1.097    -2.459               7.650
  5204.947      26.0     2.990    -4.409
  5204.985     607.0     1.178    -4.048               7.650
  5205.008      39.0     1.852     -1.87                                        
  5205.018      69.1     3.715    -1.580
  5205.035      23.0     1.893    -2.780
  5205.047      26.1     9.100    -3.558
  5205.048 106.00112     3.140    -2.953               3.456
  5205.067     607.0     1.178    -2.393               7.650
  5205.116 106.00113     1.334    -2.651               3.456
  5205.127      41.0     1.157    -2.070
  5205.134      58.0     0.410     -0.62                                        
  5205.203      26.0     4.991    -2.444
  5205.204      42.0     3.395    -1.706
  5205.208 106.00113     1.334    -2.600               3.456
  5205.238 106.00113     3.140    -2.942               3.456
  5205.259      22.0     3.569    -2.423
  5205.265 106.00112     3.319    -2.847               3.456
  5205.276      24.1     8.763    -3.830
  5205.290      26.0     4.260    -2.707
  5205.302      69.1     4.606    -1.130
  5205.313     607.0     1.566    -4.670               7.650
  5205.330      26.0     4.652    -4.720
  5205.362      26.0     3.301    -4.988
  5205.373 106.00113     3.384    -2.909               3.456
  5205.376 106.00112     1.507    -3.989               3.456
  5205.413      26.0     4.913    -2.708
  5205.428 106.00112     1.507    -4.007               3.456
  5205.449 106.00112     2.976    -2.965               3.456
  5205.465 106.00112     2.976    -2.977               3.456
  5205.473     607.0     1.176    -2.618               7.650
  5205.498      58.1     1.246     -1.10                                        
  5205.526     607.0     1.176    -3.405               7.650
  5205.578      70.1     5.517    -1.660
  5205.644 106.00113     3.140    -2.953               3.456
  5205.662      69.1     4.744    -1.180
  5205.663      66.0     2.504     0.128
  5205.663 106.00113     2.976    -2.977               3.456
  5205.698      69.1     3.483    -1.690
  5205.699 106.00112     3.319    -2.835               3.456
  5205.701      21.1     8.255    -3.964
  5205.731      39.1     1.032     -0.34                                BIEMONT 
  5205.747      25.0     5.384    -3.734
  5205.777      24.0     3.850    -4.220
  5205.779      90.1     1.903    -1.371
  5205.802 106.00113     3.385    -2.920               3.456
  5205.826 106.00113     1.334    -4.922               3.456
  5205.845 106.00113     2.976    -2.965               3.456
  5205.880      69.1     4.387    -2.540
  5205.888      22.0     3.439    -3.971
  5205.915 106.00112     3.545    -2.899               3.456
  5205.931      69.1     3.484    -3.880
  5205.953      26.0     3.252    -3.990
  5205.989 106.00112     3.545    -2.889               3.456
  5206.027      26.1     9.112    -2.295
  5206.037      24.0     0.941     0.019
  5206.037     607.0     1.164    -2.610               7.650
  5206.071     607.0     0.294    -3.817               7.650
  5206.089      22.0     2.487    -0.214
  5206.136      42.0     2.988    -2.140
  5206.181 106.00112     3.711    -2.506               3.456
  5206.187      74.0     2.458    -0.930
  5206.195      24.0     2.708    -1.283
  5206.229     607.0     1.062    -3.323               7.650
  5206.261     607.0     1.062    -2.918               7.650
  5206.332      26.0     5.070    -4.966
  5206.340      24.0     5.288    -1.689
  5206.401 106.00112     3.711    -2.516               3.456
  5206.409      25.0     4.827    -3.257
  5206.420     607.0     1.104    -2.766               7.650
  5206.428      63.0     2.058      0.24                                        
  5206.458      24.0     3.845    -2.532
  5206.474      22.0     3.551    -2.720
  5206.489      71.0     0.247    -2.380
  5206.496      90.1     0.770    -2.093
  5206.517 106.00113     1.654    -3.623               3.456
  5206.519      68.0     0.000    -0.049
  5206.536      69.1     4.459    -3.830
  5206.541      24.0     3.435    -1.251
  5206.553      27.1     3.420    -4.548
  5206.560      59.1     0.950    -0.158
  5206.580      23.0     2.253    -0.925
  5206.593      23.0     3.278    -3.141
  5206.597      26.0     4.294    -2.795
  5206.607      23.0     2.269    -2.820
  5206.626      22.1     7.832    -3.030
  5206.650     8.1      26.561    -0.266
  5206.663      90.1     1.323    -1.550
  5206.702 106.00113     1.654    -3.604               3.456
  5206.711     607.0     0.203    -3.624               7.650
  5206.712      15.0     6.954    -3.500
  5206.800      26.0     4.283    -2.660
  5206.828     607.0     0.152    -4.038               7.650
  5206.957     607.0     0.140    -4.716               7.650
  5207.005     607.0     0.140    -4.050               7.650
  5207.007     607.0     1.041    -3.703               7.650
  5207.046 106.00112     3.466    -2.899               3.456
  5207.050     607.0     1.118    -2.436               7.650
  5207.093     607.0     1.118    -3.615               7.650
  5207.120      69.0     2.164    -1.400
  5207.160      23.0     3.056    -3.804
  5207.201      22.0     0.818    -4.048
  5207.217      24.0     5.671    -0.686
  5207.255 106.00113     2.441    -3.194               3.456
  5207.355 106.00112     3.059    -2.953               3.456
  5207.379      24.0     3.556    -2.339
  5207.398      22.0     3.678    -3.313
  5207.404     607.0     0.311    -3.822               7.650
  5207.434 106.00113     3.648    -3.781               3.456
  5207.444     607.0     0.217    -3.624               7.650
  5207.475     607.0     0.311    -4.824               7.650
  5207.502 106.00113     3.648    -3.772               3.456
  5207.572 106.00113     2.441    -3.207               3.456
  5207.578     607.0     1.277    -3.817               7.650
  5207.597 106.00113     3.545    -2.899               3.456
  5207.645      26.0     5.086    -5.006
  5207.662 106.00112     2.441    -3.194               3.456
  5207.662      23.0     2.359    -0.948
  5207.667 106.00112     1.654    -3.604               3.456
  5207.684 106.00112     1.654    -3.623               3.456
  5207.705 106.00112     3.466    -2.909               3.456
  5207.765     607.0     1.079    -2.866               7.650
  5207.849    22.0       2.085    -0.840
  5207.863 106.00113     2.165    -3.405               3.456
  5207.863      70.1     6.303    -3.040
  5207.895      59.1     0.795    -0.580
  5207.901 106.00113     3.545    -2.889               3.456
  5207.903      21.1     8.244    -4.041
  5207.903      21.1     8.244    -3.931
  5207.911      22.0     3.104    -1.662
  5207.938      26.0     3.635    -2.48
  5207.952 106.00113     3.059    -2.953               3.456
  5207.958 106.00112     3.059    -2.964               3.456
  5207.979     607.0     1.206    -3.396               7.650
  5207.982      20.0     5.875    -3.709
  5207.985      24.0     3.122    -4.004
  5208.100      24.0     2.709    -1.772
  5208.108      58.1     1.338     -1.99                                 LAWLER 
  5208.134      24.0     3.556    -2.625
  5208.169 106.00112     2.441    -3.207               3.456
  5208.207     607.0     1.304    -2.632               7.650
  5208.226 106.00113     3.322    -2.835               3.456
  5208.249      22.0     3.399    -3.250
  5208.261 106.00113     2.165    -3.387               3.456
  5208.280     607.0     1.107    -3.596               7.650
  5208.300     607.0     1.304    -3.841               7.650
  5208.321     607.0     1.107    -2.436               7.650
  5208.354 106.00113     3.059    -2.964               3.456
  5208.377      70.1     7.956    -2.980
  5208.425      24.0     0.941     0.158
  5208.430      23.0     3.286    -3.042
  5208.470      69.1     4.355    -0.420
  5208.487 106.00113     3.322    -2.847               3.456
  5208.527      24.1     5.670    -4.161
  5208.579      26.0     3.929    -4.139
  5208.594    26.0       3.239    -0.897
  5208.612 106.00112     3.648    -3.772               3.456
  5208.614      24.0     3.113    -3.885
  5208.650 106.00112     3.648    -3.781               3.456
  5208.701      58.0     1.041      0.00                                        
  5208.728 106.00113     3.466    -2.899               3.456
  5208.782 106.00113     1.509    -3.989               3.456
  5208.813      26.0     5.064    -3.651
  5208.838      24.0     1.030    -4.138
  5208.877 106.00113     1.509    -4.007               3.456
  5208.910      58.0     0.520     -0.61                                        
  5208.918 106.00112     2.165    -3.405               3.456
  5208.960      26.0     2.609    -4.793
  5209.038     607.0     1.155    -2.982               7.650
  5209.054      69.1     4.368    -1.720
  5209.068      47.0     3.664     0.048
  5209.135 106.00112     2.165    -3.387               3.456
  5209.162 106.00113     3.466    -2.909               3.456
  5209.238 106.00113     1.860    -3.453               3.456
  5209.304      40.0     1.549     -0.78                                        
  5209.415 106.00113     1.860    -3.442               3.456
  5209.458      26.0     5.070    -4.973
  5209.502      44.0     1.734    -2.030
  5209.503      22.0     2.092    -4.704
  5209.510 106.00112     1.509    -3.989               3.456
  5209.532      42.0     3.443    -1.703
  5209.542      70.1     7.393    -1.550
  5209.567     607.0     1.189    -2.602               7.650
  5209.621     607.0     1.189    -3.413               7.650
  5209.648      69.1     4.856    -1.670
  5209.659     607.0     1.036    -4.084               7.650
  5209.707     607.0     1.518    -3.314               7.650
  5209.774     607.0     1.176    -2.594               7.650
  5209.798     607.0     1.104    -3.764               7.650
  5209.833 106.00112     1.509    -4.007               3.456
  5209.853     607.0     1.518    -4.853               7.650
  5209.870     607.0     1.444    -4.232               7.650
  5209.872     607.0     1.104    -2.758               7.650
  5209.885      26.0     3.237    -3.390
  5209.886      69.1     4.904    -1.860
  5209.925     607.0     1.070    -3.328               7.650
  5209.939      62.0     1.624     0.358
  5209.959     607.0     1.070    -2.886               7.650
  5210.028 106.00113     3.343    -2.906               3.456
  5210.039      27.0     3.409    -1.527
  5210.070      22.0     3.108    -1.070
  5210.117      20.0     5.045    -3.028
  5210.121 106.00113     1.656    -3.604               3.456
  5210.136      33.0     6.285    -0.200
  5210.172 106.00113     1.656    -3.623               3.456
  5210.175     607.0     1.206    -4.802               7.650
  5210.191 106.00112     1.334    -2.651               3.456
  5210.207      69.1     4.461    -1.990
  5210.222      26.1     7.929    -4.749
  5210.229 106.00112     1.334    -4.899               3.456
  5210.235 106.00112     1.334    -4.922               3.456
  5210.273 106.00112     1.334    -2.600               3.456
  5210.285      22.0     3.319    -2.430
  5210.302     607.0     1.206    -3.391               7.650
  5210.323      20.0     5.181    -2.039
  5210.339      58.1     0.956     -1.07                                 LAWLER 
  5210.343 106.00113     3.001    -3.322               3.456
  5210.384    22.0       0.048    -0.850
  5210.434      42.0     1.531    -2.933
  5210.448      24.0     5.656    -1.817
  5210.452      23.0     2.581    -2.973
  5210.474 106.00112     1.860    -3.442               3.456
  5210.479 106.00112     1.860    -3.453               3.456
  5210.483      64.1     1.621    -0.970
  5210.493      23.0     3.893    -3.117
  5210.520      69.1     4.254    -2.510
  5210.539      21.0     2.509     0.427
  5210.550 106.00113     3.343    -2.894               3.456
  5210.572     607.0     1.357    -3.052               7.650
  5210.592      26.0     5.010    -2.884
  5210.601 106.00112     2.897    -2.977               3.456
  5210.626 106.00113     3.001    -3.307               3.456
  5210.626      26.0     4.913    -3.202
  5210.629 106.00112     2.897    -2.989               3.456
  5210.634 106.00113     2.897    -2.989               3.456
  5210.800 106.00113     2.897    -2.977               3.456
  5210.805     607.0     0.311    -3.804               7.650
  5210.824      24.1     4.042    -3.259
  5210.829      24.0     5.650    -1.966
  5210.835      27.0     4.147    -0.501
  5210.865      24.1     3.758    -2.941
  5210.905     607.0     1.418    -2.883               7.650
  5210.927 106.00112     3.322    -2.835               3.456
  5210.952      24.0     4.440    -1.534
  5210.957 106.00112     3.343    -2.906               3.456
  5210.986     607.0     1.304    -2.620               7.650
  5210.990      21.0     3.189    -3.492
  5210.990      27.0     2.718    -4.205
  5211.007     607.0     1.047    -3.698               7.650
  5211.028     607.0     1.418    -4.292               7.650
  5211.035      58.0     0.590     -0.45                                        
  5211.088 106.00112     1.656    -3.604               3.456
  5211.139 106.00113     1.208    -3.114               3.456
  5211.142     607.0     1.129    -2.414               7.650
  5211.153 106.00113     2.167    -3.405               3.456
  5211.159     607.0     0.217    -3.608               7.650
  5211.175 106.00112     3.322    -2.847               3.456
  5211.187     607.0     1.129    -3.623               7.650
  5211.207      26.0     3.415    -3.531
  5211.221      23.0     3.066    -3.395
  5211.223      22.0     0.836    -2.35
  5211.231      90.0     0.479    -1.594
  5211.300      21.0     2.509    -1.565
  5211.308 106.00113     2.167    -3.387               3.456
  5211.337      26.0     4.985    -4.742
  5211.340 106.00112     1.656    -3.623               3.456
  5211.362 106.00113     1.208    -3.048               3.456
  5211.384 106.00112     3.343    -2.894               3.456
  5211.416 106.00112     2.979    -2.965               3.456
  5211.463      25.0     5.854    -4.070
  5211.506      45.0     3.856     0.200
  5211.530    22.1       2.590    -1.56
  5211.546      69.1     4.860    -2.420
  5211.575      24.0     4.207    -4.224
  5211.577      90.1     1.123    -2.477
  5211.615      70.0     3.133    -0.047
  5211.631 106.00113     1.208    -4.926               3.456
  5211.641     607.0     0.152    -4.724               7.650
  5211.664     607.0     1.155    -4.231               7.650
  5211.688      27.0     4.175    -1.796
  5211.691     607.0     0.152    -4.029               7.650
  5211.767     607.0     1.155    -2.976               7.650
  5211.791     607.0     1.518    -3.306               7.650
  5211.813 106.00113     2.979    -2.965               3.456
  5211.816      27.0     3.952    -1.76
  5211.836     607.0     0.164    -4.018               7.650
  5211.851      57.0     0.511     -0.11                                        
  5211.857      42.0     2.515    -1.579
  5211.900     607.0     1.281    -2.629               7.650
  5211.908      69.1     3.955    -2.580
  5211.920      58.0     0.844      0.54                                        
  5212.003 106.00112     2.979    -2.977               3.456
  5212.007     607.0     1.118    -3.605               7.650
  5212.013     607.0     1.281    -4.517               7.650
  5212.022     607.0     1.293    -3.825               7.650
  5212.033     607.0     1.088    -2.838               7.650
  5212.050     607.0     1.118    -2.415               7.650
  5212.060      26.0     5.070    -4.786
  5212.082      69.1     4.110    -1.860
  5212.085      25.0     4.435    -2.089
  5212.100      69.1     3.936    -2.380
  5212.104      23.0     3.806    -3.655
  5212.106      33.0     6.399    -0.200
  5212.142 106.00112     3.548    -2.889               3.456
  5212.183 106.00112     2.167    -3.387               3.456
  5212.191      24.1     8.063    -3.219
  5212.202 106.00113     2.979    -2.977               3.456
  5212.210 106.00112     2.167    -3.405               3.456
  5212.219      24.0     3.321    -1.05
  5212.236      22.0     3.305    -3.650
  5212.239      70.1     5.954    -1.530
  5212.253     607.0     1.198    -4.055               7.650
  5212.280      22.0     2.250    -0.84
  5212.302 106.00113     3.555    -3.791               3.456
  5212.337     607.0     1.198    -2.383               7.650
  5212.343     607.0     0.232    -3.608               7.650
  5212.360      60.1     0.204     -0.96                                 LAWLER 
  5212.362 106.00113     3.555    -3.781               3.456
  5212.362     607.0     0.328    -3.809               7.650
  5212.415      24.0     3.890    -4.192
  5212.419 106.00113     1.862    -3.442               3.456
  5212.420      66.0     1.673    -1.700
  5212.422    27.1      11.451     0.020
  5212.427      25.0     5.854    -3.166
  5212.433      26.0     4.607    -2.840
  5212.436     607.0     0.328    -4.832               7.650
  5212.465 106.00113     1.862    -3.453               3.456
  5212.516      69.1     4.235    -2.030
  5212.542     607.0     1.357    -3.046               7.650
  5212.608      24.0     4.440    -1.973
  5212.623    16.1      15.068     0.316
  5212.639      23.0     2.374    -3.347
  5212.650      69.0     1.893    -1.540
  5212.707      23.0     1.853    -4.838
  5212.707      23.1     7.698    -3.243
  5212.710    27.0       3.514    -0.31
  5212.734      45.0     1.484    -2.310
  5212.734      73.0     0.000    -2.250
  5212.774      29.0     5.506    -1.329
  5212.775      74.0     3.570     0.050
  5212.786      69.1     4.265    -3.530
  5212.810 106.00112     3.548    -2.899               3.456
  5212.832    26.1      10.519    -0.300
  5212.849      20.0     5.321    -4.824
  5212.900 106.00113     2.197    -3.625               3.456
  5212.945      69.1     4.461    -2.030
  5212.993      22.0     2.231    -1.061
  5213.003 106.00113     2.197    -3.611               3.456
  5213.015      24.0     3.551    -3.608
  5213.041      64.1     1.172    -2.350
  5213.074      23.1     2.276    -3.824
  5213.118      25.0     5.854    -3.154
  5213.126      23.0     2.286    -2.973
  5213.134      24.1     4.415    -4.929
  5213.156      14.0     7.500    -3.469
  5213.177      23.0     2.638    -3.449
  5213.202      60.0     0.293      0.00                                        
  5213.205 106.00112     3.627    -2.889               3.456
  5213.224     607.0     1.418    -2.874               7.650
  5213.243      25.0     4.435    -1.322
  5213.275     607.0     1.277    -4.088               7.650
  5213.280      22.0     2.495    -3.274
  5213.294 106.00112     3.627    -2.879               3.456
  5213.316      27.0     4.475    -3.228
  5213.324 106.00112     3.001    -3.322               3.456
  5213.344      26.0     4.386    -2.370
  5213.349      90.0     0.966    -1.431
  5213.370      69.0     2.040    -0.380
  5213.430      44.0     3.533     0.110
  5213.479 106.00112     1.862    -3.442               3.456
  5213.505      22.0     3.215    -1.867
  5213.566 106.00112     2.197    -3.611               3.456
  5213.580 106.00112     3.555    -3.781               3.456
  5213.626 106.00112     3.555    -3.791               3.456
  5213.631 106.00112     3.001    -3.307               3.456
  5213.637      22.0     3.305    -2.480
  5213.648      23.0     1.931    -1.908
  5213.664 106.00112     2.197    -3.625               3.456
  5213.666      24.0     3.845    -3.413
  5213.673     607.0     1.062    -4.554               7.650
  5213.676      22.0     3.334    -3.417
  5213.679      26.0     3.929    -4.529
  5213.705      27.0     3.409    -1.932
  5213.707 106.00112     1.862    -3.453               3.456
  5213.717      24.0     4.468    -4.437
  5213.802     607.0     1.079    -3.333               7.650
  5213.806      26.0     3.943    -2.890
  5213.838     607.0     1.079    -2.856               7.650
  5213.842     607.0     1.189    -2.578               7.650
  5213.847     607.0     1.203    -2.586               7.650
  5213.903     607.0     1.203    -3.421               7.650
  5213.909      24.1     4.415    -4.700
  5213.912     607.0     1.122    -2.753               7.650
  5213.952    26.1      10.480    -0.260
  5213.993 106.00113     1.483    -4.036               3.456
  5214.023      69.1     3.715    -1.880
  5214.055    26.1      10.379    -0.600
  5214.058 106.00113     3.548    -2.889               3.456
  5214.104      69.1     4.946    -1.760
  5214.113      20.0     5.299    -4.039
  5214.132      24.0     3.369    -0.740
  5214.141     607.0     1.281    -4.515               7.650
  5214.194      69.1     4.571    -2.150
  5214.194      24.0     5.662    -1.752
  5214.197      69.1     3.580    -2.260
  5214.222      22.0     1.053    -4.347
  5214.254     607.0     1.281    -2.621               7.650
  5214.346    27.1      11.280     0.100
  5214.370      66.1     2.602    -1.050
  5214.387      26.1     5.569    -4.700
  5214.410      24.0     5.271    -3.533
  5214.466      27.0     3.971    -0.859
  5214.490    26.1      10.503    -0.590
  5214.492      26.1     8.185    -2.622
  5214.496 106.00113     3.548    -2.899               3.456
  5214.536      20.0     5.045    -4.955
  5214.550      69.1     4.459    -3.270
  5214.550      72.1     2.196    -2.690
  5214.579      20.0     5.300    -4.028
  5214.594 106.00112     3.699    -2.452               3.456
  5214.607      26.0     4.294    -1.87
  5214.608 106.00113     1.483    -4.150               3.456
  5214.613      24.0     3.322    -1.890
  5214.730      27.0     3.952    -0.30
  5214.776      45.0     3.539    -0.020
  5214.803      22.0     2.103    -4.354
  5214.901      24.0     4.468    -2.132
  5214.942      22.0     3.407    -2.764
  5214.967 106.00113     3.003    -3.307               3.456
  5214.980 106.00113     3.345    -2.894               3.456
  5215.027     607.0     1.634    -4.016               7.650
  5215.046 106.00113     3.699    -2.452               3.456
  5215.059 106.00113     2.359    -3.221               3.456
  5215.106      63.0     1.707      0.69                                        
  5215.122 106.00113     3.627    -2.889               3.456
  5215.127 106.00113     3.346    -2.906               3.456
  5215.142     607.0     1.055    -3.696               7.650
  5215.181    26.0       3.263    -0.871
  5215.182 106.00112     3.699    -2.442               3.456
  5215.184 106.00113     2.359    -3.207               3.456
  5215.187 106.00113     3.003    -3.322               3.456
  5215.247      22.0     2.472    -4.673
  5215.268     607.0     1.596    -4.674               7.650
  5215.285      24.0     3.449    -0.941
  5215.312      25.0     4.435    -0.788
  5215.347    26.1      10.379     0.000
  5215.373     607.0     1.277    -4.083               7.650
  5215.377     607.0     1.140    -2.394               7.650
  5215.424     607.0     1.140    -3.631               7.650
  5215.448 106.00113     3.627    -2.879               3.456
  5215.451      70.1     5.633    -1.040
  5215.473      27.0     1.883    -4.141
  5215.576      27.0     3.216    -4.225
  5215.647     607.0     1.450    -3.749               7.650
  5215.650      60.1     1.263     -0.74                                 LAWLER 
  5215.652      23.0     2.365    -4.146
  5215.674      14.0     7.501    -3.724
  5215.700     607.0     0.328    -3.792               7.650
