Y 5087 +/-10 A
  5077.475      22.0     3.409    -2.686
  5077.503      42.0     3.318    -1.805
  5077.668      66.0     0.000    -1.570
  5077.805      92.1     0.036    -2.837
  5077.844 106.00112     1.951    -3.904               3.456
  5077.854      58.1     1.411     -0.58                                        
  5077.921 106.00113     0.970    -4.260               3.456
  5077.934 106.00112     1.951    -3.918               3.456
  5077.939      22.1     7.709    -4.299
  5077.962       6.0     8.647    -3.470
  5077.967       6.0     8.537    -4.570
  5078.054     607.0     0.825    -3.153               7.650
  5078.071     607.0     0.987    -3.146               7.650
  5078.087      26.0     5.020    -2.704
  5078.100      26.0     3.071    -4.388
  5078.115     607.0     0.820    -3.834               7.650
  5078.140      25.1     6.658    -2.670
  5078.146     607.0     0.820    -2.833               7.650
  5078.157     607.0     0.876    -2.951               7.650
  5078.234      26.0     4.593    -5.033
  5078.298 106.00113     0.987    -3.647               3.456
  5078.313      40.0     1.442     -0.12                                        
  5078.326      70.1     5.169    -3.860
  5078.335     607.0     0.836    -2.805               7.650
  5078.370     607.0     0.836    -3.864               7.650
  5078.429 106.00113     0.987    -4.611               3.456
  5078.433     607.0     0.805    -3.268               7.650
  5078.460 106.00113     1.951    -3.918               3.456
  5078.495      26.0     4.796    -4.305
  5078.518     607.0     0.864    -4.726               7.650
  5078.528      26.0     3.547    -3.276
  5078.533     607.0     1.120    -3.389               7.650
  5078.569 106.00112     2.906    -3.517               3.456
  5078.576       6.0     8.537    -4.510
  5078.613     607.0     0.864    -3.495               7.650
  5078.638 106.00113     1.951    -3.904               3.456
  5078.641 106.00112     2.905    -3.527               3.456
  5078.727     607.0     1.018    -3.013               7.650
  5078.814     607.0     1.018    -4.197               7.650
  5078.951      41.0     0.130    -0.710
  5078.966 106.00113     2.803    -2.945               3.456
  5078.975      26.0     4.301    -0.2
  5079.028      27.0     4.113    -1.294
  5079.056     607.0     0.775    -4.033               7.650
  5079.073      69.1     3.955    -1.390
  5079.075      60.0     0.293     -0.35                                        
  5079.079 106.00113     0.987    -4.573               3.456
  5079.095      76.0     1.584    -2.310
  5079.170 106.00113     2.506    -3.470               3.456
  5079.209      42.0     3.438    -1.836
  5079.211 106.00113     0.987    -3.501               3.456
  5079.223    26.0       2.196    -2.067
  5079.229 106.00113     2.803    -2.930               3.456
  5079.275     607.0     0.791    -3.594               7.650
  5079.293     607.0     1.155    -4.590               7.650
  5079.300     607.0     0.791    -3.341               7.650
  5079.358 106.00113     2.506    -3.450               3.456
  5079.383      15.0     6.985    -1.340
  5079.410      24.0     3.890    -4.209
  5079.439      26.0     4.608    -4.034
  5079.601 106.00113     2.905    -3.527               3.456
  5079.629      72.1     2.343    -1.210
  5079.631      26.0     5.010    -4.608
  5079.634 106.00113     3.395    -2.835               3.456
  5079.682      58.1     1.383      0.19                                        
  5079.695      42.0     3.395    -1.774
  5079.740    26.0       0.989    -3.220
  5079.743      23.1     8.757    -3.940
  5079.763 106.00113     2.906    -3.517               3.456
  5079.782      42.0     2.916    -2.159
  5079.840     607.0     0.898    -2.943               7.650
  5079.864      42.0     3.247    -1.076
  5079.864 106.00112     2.514    -3.294               3.456
  5079.869      26.0     4.608    -4.921
  5079.886     607.0     0.898    -3.657               7.650
  5079.916 106.00112     2.514    -3.308               3.456
  5079.955      28.0     1.826    -2.5
  5079.980 106.00113     3.395    -2.823               3.456
  5080.012      42.0     2.515    -1.002
  5080.035      25.0     3.772    -4.380
  5080.096 106.00113     1.208    -3.087               3.456
  5080.171      57.1     1.954     -1.21                                        
  5080.172      22.0     1.734    -4.560
  5080.184      21.0     2.139    -1.198
  5080.300      27.0     4.064    -1.665
  5080.313     607.0     0.987    -3.138               7.650
  5080.316 106.00113     1.208    -3.144               3.456
  5080.352      26.0     3.695    -2.329
  5080.359     607.0     0.990    -4.071               7.650
  5080.447 106.00112     0.977    -3.870               3.456
  5080.453 106.00112     0.977    -4.554               3.456
  5080.467      58.0     0.206     -0.53                                        
  5080.520      68.0     0.624    -0.893
  5080.528      28.0     3.655     0.330
  5080.542     607.0     0.916    -2.777               7.650
  5080.570      69.0     1.088    -3.000
  5080.592 106.00113     1.208    -4.947               3.456
  5080.592 106.00112     0.972    -4.331               3.456
  5080.595 106.00112     0.972    -3.930               3.456
  5080.614      70.1     7.047    -3.640
  5080.619     607.0     0.916    -4.412               7.650
  5080.750      23.1     6.291    -2.792
  5080.788      26.0     2.949    -4.144
  5080.835 106.00113     2.514    -3.308               3.456
  5080.853     607.0     0.828    -3.841               7.650
  5080.886     607.0     0.828    -2.805               7.650
  5080.913      20.0     5.018    -3.781
  5080.936      26.0     3.267    -3.220
  5081.039 106.00113     2.514    -3.294               3.456
  5081.059      69.1     4.340    -2.050
  5081.107      28.0     3.847     0.300
  5081.121     607.0     0.886    -2.932               7.650
  5081.251      42.0     1.470    -2.827
  5081.294     607.0     0.760    -4.438               7.650
  5081.370      22.0     1.430    -2.754
  5081.407     607.0     0.825    -4.117               7.650
  5081.431 106.00112     2.803    -2.945               3.456
  5081.451     607.0     1.018    -3.001               7.650
  5081.475     607.0     0.825    -3.146               7.650
  5081.506 106.00113     0.972    -3.969               3.456
  5081.509      28.0     4.538    -1.500
  5081.541      22.0     3.569    -1.645
  5081.574      21.0     1.448     0.3
  5081.599     607.0     0.845    -2.778               7.650
  5081.599 106.00113     0.999    -3.494               3.456
  5081.635     607.0     0.846    -3.870               7.650
  5081.697      23.0     3.071    -1.138
  5081.708 106.00112     2.803    -2.930               3.456
  5081.767 106.00113     0.999    -4.675               3.456
  5081.797      69.1     4.839    -2.080
  5081.816 106.00112     0.978    -4.466               3.456
  5081.821      25.0     5.112    -3.012
  5081.821 106.00112     0.978    -2.00                3.456
  5081.829      23.1     6.901    -2.314
  5081.858 106.00112     2.506    -3.470               3.456
  5081.865      26.0     3.882    -3.133
  5081.897     607.0     0.812    -3.231               7.650
  5081.902      25.1     7.757    -3.281
  5081.989      21.0     5.011    -3.819
  5082.062 106.00112     2.506    -3.450               3.456
  5082.066      26.0     4.985    -4.988
  5082.067      69.1     4.660    -2.610
  5082.116 106.00113     1.000    -4.646               3.456
  5082.119      27.0     1.710    -3.956
  5082.125     607.0     0.798    -3.593               7.650
  5082.151     607.0     0.798    -3.298               7.650
  5082.157     607.0     0.780    -4.011               7.650
  5082.173      23.0     1.376    -4.147
  5082.186      22.1     7.721    -4.172
  5082.219     607.0     0.932    -4.161               7.650
  5082.226    26.1      10.413    -0.130
  5082.234      69.1     4.174    -3.040
  5082.235      73.0     1.325    -1.960
  5082.281 106.00113     1.000    -3.378               3.456
  5082.339      28.0     3.658    -0.540
  5082.355     607.0     1.243    -4.077               7.650
  5082.369 106.00112     3.699    -2.718               3.456
  5082.369      27.0     4.572    -2.659
  5082.426 106.00113     2.508    -3.450               3.456
  5082.437    27.1      11.398    -0.200
  5082.471      69.1     4.329    -0.510
  5082.509      21.0     5.405    -2.932
  5082.514 106.00113     2.508    -3.470               3.456
  5082.667      26.1     7.695    -3.971
  5082.688      26.0     3.111    -5.053
  5082.708 106.00112     0.970    -4.260               3.456
  5082.748      69.1     3.221    -1.170
  5082.754      27.0     4.175    -4.184
  5082.801      64.0     2.050     0.357
  5082.935      70.1     6.257    -2.060
  5082.943 106.00112     3.699    -2.708               3.456
  5082.984      24.1     8.618    -2.895
  5083.075      22.1     7.738    -3.727
  5083.090 106.00112     0.987    -3.647               3.456
  5083.100 106.00112     0.987    -4.611               3.456
  5083.116 106.00112     2.129    -3.499               3.456
  5083.124 106.00112     3.395    -2.835               3.456
  5083.175 106.00112     2.129    -3.514               3.456
  5083.189    27.1      11.446    -0.080
  5083.232     607.0     0.910    -2.924               7.650
  5083.250      66.0     1.489    -1.930
  5083.279      58.1     0.956     -1.64                                 LAWLER 
  5083.280     607.0     0.910    -3.665               7.650
  5083.281 106.00112     1.954    -3.904               3.456
  5083.309     607.0     0.916    -4.409               7.650
  5083.339    26.0       0.957    -2.958
  5083.386     607.0     0.916    -2.766               7.650
  5083.389      24.0     3.892    -4.535
  5083.418      26.1     9.694    -3.366
  5083.476      24.0     4.440    -3.205
  5083.524      21.0     2.564    -0.998
  5083.524      70.1     5.985    -2.560
  5083.547      58.0     0.588     -0.60                                        
  5083.558 106.00112     3.395    -2.823               3.456
  5083.576 106.00113     2.129    -3.514               3.456
  5083.612      69.1     4.324    -1.850
  5083.620    27.1      11.216     0.400
  5083.659      25.0     4.827    -2.660
  5083.684      33.0     6.588     0.000
  5083.729 106.00112     1.954    -3.918               3.456
  5083.731      21.0     1.440     0.10
  5083.736      22.1     5.428    -0.980
  5083.763     607.0     0.836    -3.848               7.650
  5083.767 106.00113     2.129    -3.499               3.456
  5083.798     607.0     0.836    -2.778               7.650
  5083.840      25.1     7.758    -3.658
  5083.853 106.00113     2.805    -2.930               3.456
  5083.934      26.1     7.684    -4.107
  5083.991     607.0     1.083    -3.816               7.650
  5084.000 106.00112     0.987    -4.573               3.456
  5084.010 106.00112     0.987    -3.501               3.456
  5084.039 106.00113     2.805    -2.945               3.456
  5084.078 106.00113     1.954    -3.904               3.456
  5084.085     607.0     1.005    -4.079               7.650
  5084.089      28.0     3.679     0.03
  5084.154      22.0     3.154    -3.056
  5084.170      58.0     0.590     -0.60                                        
  5084.226    19.0       1.610    -2.566
  5084.229     607.0     0.898    -2.914               7.650
  5084.250      69.0     2.184    -2.350
  5084.256 106.00113     1.954    -3.918               3.456
  5084.345     607.0     1.244    -4.070               7.650
  5084.458     607.0     0.933    -4.156               7.650
  5084.463      58.0     0.889     -0.39                                        
  5084.502      24.0     5.211    -4.184
  5084.506      28.0     4.538    -10.0
  5084.543      23.1     6.679    -3.598
  5084.544      26.0     3.695    -2.8
  5084.592 106.00113     3.300    -2.571               3.456
  5084.595 106.00113     1.254    -3.216               3.456
  5084.630      69.0     2.336    -1.900
  5084.668      42.0     3.359    -1.667
  5084.675 106.00112     1.208    -3.144               3.456
  5084.678 106.00113     3.699    -2.718               3.456
  5084.778 106.00113     1.254    -3.123               3.456
  5084.789 106.00112     2.517    -3.294               3.456
  5084.853      26.1     8.241    -4.526
  5084.858      69.1     4.914    -1.690
  5084.870     607.0     0.842    -3.140               7.650
  5084.903 106.00112     1.208    -4.947               3.456
  5084.928 106.00113     3.397    -2.823               3.456
  5084.939 106.00112     1.208    -3.087               3.456
  5084.963     607.0     0.887    -3.492               7.650
  5085.011 106.00113     3.300    -2.560               3.456
  5085.041     607.0     0.855    -2.753               7.650
  5085.051      24.0     4.440    -2.986
  5085.079     607.0     0.855    -3.877               7.650
  5085.088      22.0     2.495    -1.932
  5085.093      69.0     2.449    -0.092
  5085.133 106.00112     2.508    -3.450               3.456
  5085.138      22.0     3.407    -3.365
  5085.151     607.0     0.805    -3.593               7.650
  5085.179     607.0     0.805    -3.259               7.650
  5085.204      70.1     6.586    -2.230
  5085.205 106.00112     2.508    -3.470               3.456
  5085.216      58.1     1.013     -2.10                                 LAWLER 
  5085.227      24.0     4.099    -3.391
  5085.228      40.0     1.832     -0.47                                        
  5085.244 106.00112     2.517    -3.308               3.456
  5085.259 106.00113     3.398    -2.835               3.456
  5085.289      26.0     2.949    -4.658
  5085.323      69.1     4.736    -2.290
  5085.330      28.0     3.679    -333.0
  5085.335      22.0     1.430    -1.70
  5085.365     607.0     1.148    -3.391               7.650
  5085.457     607.0     0.785    -3.996               7.650
  5085.463      22.0     3.154    -2.918
  5085.474      28.0     3.658    -1.50
  5085.477 106.00113     3.699    -2.708               3.456
  5085.482     607.0     1.149    -4.796               7.650
  5085.495      25.0     3.763    -4.023
  5085.507     607.0     0.820    -3.198               7.650
  5085.512      69.1     2.983    -1.070
  5085.539      21.0     1.433     0.123
  5085.543      69.1     4.744    -3.250
  5085.586      24.0     4.532    -3.623
  5085.587     607.0     1.040    -3.004               7.650
  5085.658      24.1     5.871    -2.215
  5085.676      26.0     4.178    -2.740
  5085.676     607.0     1.040    -4.204               7.650
  5085.702      70.1     5.921    -1.000
  5085.712      27.0     0.629    -4.345
  5085.728 106.00113     1.015    -3.374               3.456
  5085.824      48.0     3.946    -0.230
  5085.838      26.0     3.884    -3.966
  5085.848      92.1     0.113    -2.580
  5085.900     607.0     1.083    -3.810               7.650
  5085.933      26.0     3.943    -3.281
  5085.935 106.00113     1.015    -4.741               3.456
  5085.963      27.0     4.025    -2.727
  5085.966 106.00113     2.517    -3.294               3.456
  5086.003      69.1     3.958    -1.320
  5086.056 106.00113     1.015    -4.715               3.456
  5086.116      23.0     2.138    -4.434
  5086.144 106.00112     2.909    -3.517               3.456
  5086.165 106.00113     2.517    -3.308               3.456
  5086.183      24.1     8.308    -3.810
  5086.186      24.0     3.375    -3.817
  5086.231      26.0     3.943    -4.347
  5086.251      26.0     4.988    -1.5
  5086.263 106.00113     1.015    -3.277               3.456
  5086.307    26.1      10.413    -0.420
  5086.328      23.0     1.950    -2.898
  5086.336 106.00112     2.805    -2.930               3.456
  5086.347     607.0     1.180    -4.596               7.650
  5086.354 106.00112     0.972    -3.969               3.456
  5086.361     107.0     3.442    -2.633               3.450
  5086.403 106.00112     0.999    -3.494               3.456
  5086.413 106.00112     0.999    -4.675               3.456
  5086.509 106.00112     2.805    -2.945               3.456
  5086.522      22.0     3.154    -4.038
  5086.533      23.0     3.074    -3.281
  5086.603      26.0     3.415    -4.212
  5086.693      21.0     2.109    -1.225
  5086.742 106.00112     2.909    -3.527               3.456
  5086.743      26.0     4.154    -3.820
  5086.807 106.00112     3.300    -2.571               3.456
  5086.814     607.0     0.845    -3.856               7.650
  5086.830      23.0     1.800    -2.535
  5086.830      25.0     3.378    -1.506
  5086.835      22.0     2.236    -3.376
  5086.851     607.0     0.846    -2.753               7.650
  5086.869      23.0     1.931    -1.689
  5086.883      24.0     4.159    -2.902
  5086.924     607.0     0.922    -2.906               7.650
  5086.939      21.0     1.428     0.010
  5086.973     607.0     0.922    -3.673               7.650
  5087.030      24.0     3.322    -2.661
  5087.042      69.1     4.834    -0.930
  5087.058 106.00113     0.977    -6.0                 3.456
  5087.058      22.0     1.430    -0.85
  5087.061      26.0     4.294    -3.9
  5087.068      69.1     4.324    -2.770
  5087.069     107.0     3.442    -2.633               3.450
  5087.070      62.1     0.248    -2.100
  5087.081     607.0     1.013    -3.138               7.650
  5087.081 106.00112     1.000    -4.646               3.456
  5087.092 106.00112     1.000    -3.378               3.456
  5087.107      59.0     0.353     0.425
  5087.112 106.00113     0.977    -4.422               3.456
  5087.136      21.0     2.146     0.063
  5087.171      22.0     1.739    -4.735
  5087.171      24.0     3.556    -1.999
  5087.215      26.1     7.697    -2.189
  5087.224 106.00112     3.548    -3.058               3.456
  5087.229 106.00112     3.300    -2.560               3.456
  5087.234      24.0     4.533    -3.713
  5087.254      24.0     4.402    -4.073
  5087.268 106.00112     3.548    -3.049               3.456
  5087.280      24.0     3.551    -2.821
  5087.300    26.1      10.379    -0.420
  5087.343 106.00113     2.909    -3.517               3.456
  5087.371      73.0     1.394    -1.710
  5087.389     607.0     0.936    -2.766               7.650
  5087.395      26.0     4.549    -5.056
  5087.420      39.1     1.083     -0.17                                BIEMONT 
  5087.427      69.1     3.506    -3.240
  5087.430      70.1     7.166    -2.330
  5087.469     607.0     0.936    -4.419               7.650
  5087.471     607.0     0.887    -4.733               7.650
  5087.508      23.1     8.757    -3.892
  5087.529     607.0     0.910    -2.897               7.650
  5087.545 106.00112     3.701    -2.708               3.456
  5087.569     607.0     0.887    -3.486               7.650
  5087.575     607.0     1.149    -3.382               7.650
  5087.583      24.0     5.274    -2.371
  5087.617      70.1     5.613    -0.890
  5087.622      62.1     1.413    -1.170
  5087.705 106.00113     2.909    -3.527               3.456
  5087.712     107.0     3.315    -2.938               3.450
  5087.728      24.1     6.282    -3.986
  5087.764      42.0     3.399    -1.905
  5087.767 106.00112     3.702    -2.718               3.456
  5087.842      21.0     1.986    -2.902
  5087.853      27.0     4.025    -0.849
  5087.879      23.0     2.122    -4.428
  5087.891      24.0     3.556    -2.346
  5087.972      21.0     1.996    -1.768
  5087.993     607.0     1.020    -4.087               7.650
  5088.018 106.00112     2.131    -3.499               3.456
  5088.039     107.0     3.315    -2.938               3.450
  5088.078      21.0     1.987    -2.009
  5088.083      21.0     4.694    -2.728
  5088.083 106.00112     3.460    -3.068               3.456
  5088.091      23.0     2.578    -3.903
  5088.109      69.1     4.723    -1.900
  5088.112 106.00112     3.460    -3.058               3.456
  5088.127      69.1     4.254    -1.540
  5088.149     607.0     0.842    -4.125               7.650
  5088.153      26.0     4.154    -1.65
  5088.186     607.0     0.776    -4.445               7.650
  5088.202      39.0     2.357     -0.62                                        
  5088.219     607.0     0.843    -3.133               7.650
  5088.286      92.0     0.000    -2.024
  5088.288     607.0     1.040    -2.991               7.650
  5088.305      69.1     4.512    -1.490
  5088.319      62.0     0.101    -1.222
  5088.338     607.0     0.812    -3.595               7.650
  5088.367     607.0     0.812    -3.222               7.650
  5088.399      69.1     3.797    -2.390
  5088.415 106.00113     0.978    -3.828               3.456
  5088.425 106.00112     2.131    -3.514               3.456
  5088.456      70.1     7.693    -3.970
  5088.488      24.0     3.323    -3.354
  5088.513 106.00112     3.397    -2.823               3.456
  5088.532      28.0     3.847    -1.00
  5088.544      23.0     2.122    -3.185
  5088.549 106.00112     3.635    -3.048               3.456
  5088.588     607.0     0.865    -2.729               7.650
  5088.601 106.00112     3.635    -3.039               3.456
  5088.629     607.0     0.865    -3.884               7.650
  5088.671 106.00113     2.131    -3.499               3.456
  5088.715      23.0     2.115    -3.326
  5088.749      24.0     3.845    -3.161
  5088.757 106.00112     3.398    -2.835               3.456
  5088.801      26.0     4.608    -2.658
  5088.826 106.00113     2.131    -3.514               3.456
  5088.918     607.0     0.791    -3.985               7.650
  5088.920      70.1     6.014    -1.290
  5088.953      28.0     3.679    -1.25
  5088.964      62.1     1.586    -1.161
  5088.969      23.0     2.505    -4.407
  5089.057      27.0     3.252    -4.881
  5089.169      23.0     2.638    -0.470
  5089.213    26.1      10.329     2.1
  5089.231      24.0     4.440    -2.324
  5089.266    27.1      11.398     0.310
  5089.284     607.0     0.828    -3.166               7.650
  5089.296     607.0     1.013    -3.130               7.650
  5089.302      92.1     1.055    -1.917
  5089.320      69.1     4.836    -3.370
  5089.399 106.00113     3.548    -3.058               3.456
  5089.487      58.1     1.078     -1.90                                 LAWLER 
  5089.490 106.00113     3.001    -2.971               3.456
  5089.493    26.1      10.455    -0.410
  5089.540      20.0     5.321    -1.844
  5089.583 106.00112     1.254    -3.216               3.456
  5089.617      58.0     0.849     -0.16                                        
  5089.637       6.0     8.537    -3.950
  5089.643      25.0     4.660    -2.846
  5089.689 106.00113     3.548    -3.049               3.456
  5089.704      69.1     3.186    -1.480
  5089.758      20.0     5.181    -1.375
  5089.790 106.00112     1.254    -3.123               3.456
  5089.832      60.1     0.204     -1.16                                        
  5089.860 106.00113     3.001    -2.957               3.456
  5089.886      23.0     3.245    -3.231
  5089.899      21.0     2.111    -0.060
  5090.018 106.00113     3.460    -3.068               3.456
  5090.034      22.1     7.721    -3.770
  5090.039      23.0     2.130    -3.646
  5090.059     607.0     0.936    -4.417               7.650
  5090.068      69.1     4.110    -2.000
  5090.081 106.00113     3.702    -2.718               3.456
  5090.081     607.0     0.855    -3.864               7.650
  5090.083 106.00113     3.701    -2.708               3.456
  5090.099      21.1     8.189    -4.251
  5090.104      62.1     0.933    -1.580
  5090.120     607.0     0.855    -2.729               7.650
  5090.139     607.0     0.936    -2.755               7.650
  5090.249      23.1     6.295    -2.110
  5090.288 106.00113     3.460    -3.058               3.456
  5090.342      24.1     5.873    -3.001
  5090.386      66.1     0.103    -2.332
  5090.386      24.1     8.416    -4.711
  5090.407      24.1     8.634    -3.835
  5090.454      26.0     3.071    -4.365
  5090.495      26.0     4.652    -2.651
  5090.539     607.0     0.934    -2.889               7.650
  5090.544 106.00112     1.015    -3.374               3.456
  5090.557 106.00112     1.015    -4.741               3.456
  5090.560      69.1     4.956    -2.250
  5090.590     607.0     0.934    -3.682               7.650
  5090.605      42.0     2.523    -2.001
  5090.630      70.1     6.651    -1.180
  5090.640      45.0     1.143    -1.930
  5090.646      20.0     5.321    -4.027
  5090.692 106.00112     3.699    -2.718               3.456
  5090.723      27.0     1.740    -4.061
  5090.726 106.00112     3.343    -3.165               3.456
  5090.729      73.0     1.203    -1.580
  5090.773      26.0     4.256    -0.40
  5090.775 106.00112     3.001    -2.971               3.456
  5090.780 106.00113     1.034    -3.275               3.456
  5090.810      24.0     4.440    -2.467
  5090.831      26.1     9.112    -1.963
  5090.835 106.00112     2.441    -3.307               3.456
  5090.858      22.0     0.900    -3.600
  5090.872    27.1      11.396    -0.250
  5090.885      58.1     1.692     -0.63                                        
  5090.887 106.00112     3.373    -3.078               3.456
  5090.889 106.00112     2.441    -3.321               3.456
  5090.900 106.00113     3.303    -2.560               3.456
  5090.907 106.00112     3.373    -3.068               3.456
  5090.916      42.0     3.223    -1.602
  5090.967 106.00113     1.034    -4.765               3.456
  5090.971      42.0     3.201    -1.200
  5090.972 106.00113     3.635    -3.048               3.456
  5091.006      25.0     5.087    -0.934
  5091.011     607.0     0.922    -2.880               7.650
  5091.029 106.00113     1.034    -4.782               3.456
  5091.073 106.00112     1.015    -4.715               3.456
  5091.073 106.00112     3.001    -2.957               3.456
  5091.086 106.00112     1.015    -3.277               3.456
  5091.107      23.1     8.790    -2.900
  5091.120 106.00113     3.303    -2.571               3.456
  5091.121      26.0     3.984    -5.109
  5091.123      24.1     6.803    -2.181
  5091.143 106.00112     3.343    -3.154               3.456
  5091.156 106.00113     3.395    -2.494               3.456
  5091.216 106.00113     1.034    -3.188               3.456
  5091.221 106.00112     3.395    -2.494               3.456
  5091.270 106.00112     3.699    -2.708               3.456
  5091.276 106.00113     3.635    -3.039               3.456
  5091.286      27.0     0.582    -4.264
  5091.334      42.0     2.595    -1.822
  5091.533      22.0     2.480    -2.036
  5091.551      42.0     3.444    -1.672
  5091.563 106.00113     2.441    -3.321               3.456
  5091.579    27.1      11.216    -0.020
  5091.596      24.0     4.204    -4.093
  5091.610      22.1     5.663    -4.447
  5091.664      24.0     3.847    -2.961
  5091.672 106.00112     3.395    -2.483               3.456
  5091.701     607.0     0.820    -3.599               7.650
  5091.717      26.0     4.294    -4.014
  5091.724 106.00113     3.395    -2.483               3.456
  5091.726      26.0     3.547    -3.877
  5091.727      26.0     3.415    -3.3
  5091.731      58.0     0.172     -0.72                                        
  5091.733     607.0     0.820    -3.188               7.650
  5091.734      58.0     0.826     -0.08                                        
  5091.758 106.00113     2.441    -3.307               3.456
  5091.808      20.0     5.321    -4.229
  5091.831      23.0     3.087    -4.427
  5091.868     607.0     0.860    -3.128               7.650
  5091.884      24.0     1.004    -3.30
  5091.916 106.00112     0.977    -4.193               3.456
  5091.919 106.00112     0.977    -4.422               3.456
  5091.988      22.0     2.738    -4.040
  5092.033 106.00113     3.343    -3.165               3.456
  5092.049    27.1      11.457    -0.440
  5092.066      22.0     2.345    -2.336
  5092.073     607.0     1.036    -4.095               7.650
  5092.151      42.0     3.904    -0.673
  5092.218      24.0     4.449    -4.109
  5092.229    27.1      11.446     0.200
  5092.248      42.0     3.782    -1.087
  5092.249      64.1     1.727    -0.230
  5092.271 106.00113     2.563    -3.449               3.456
  5092.303 106.00113     1.247    -3.026               3.456
  5092.327     607.0     0.875    -2.706               7.650
  5092.331      27.0     3.409    -3.090
  5092.369     607.0     0.876    -3.891               7.650
  5092.450      21.0     2.569    -0.759
  5092.469 106.00113     2.563    -3.429               3.456
  5092.570     607.0     0.798    -3.977               7.650
  5092.585 106.00113     3.373    -3.078               3.456
  5092.588 106.00113     1.247    -3.081               3.456
  5092.637      23.1     3.753    -4.593
  5092.646     607.0     1.062    -2.995               7.650
  5092.666 106.00113     3.343    -3.154               3.456
  5092.681      63.0     2.058      0.06                                        
  5092.688      26.0     5.010    -2.787
  5092.691      42.0     3.198    -1.501
  5092.692      69.1     4.708    -2.130
  5092.698      69.1     3.860    -2.810
  5092.737     607.0     1.062    -4.210               7.650
  5092.748      24.0     4.778    -2.523
  5092.754      27.0     4.025    -2.241
  5092.780      42.0     3.739    -1.280
  5092.788 106.00113     2.874    -2.930               3.456
  5092.790      60.1     0.380     -0.61                                 LAWLER 
  5092.801      21.0     4.694    -1.690
  5092.845 106.00113     3.373    -3.068               3.456
  5092.847 106.00113     1.247    -4.947               3.456
  5092.858      22.1     2.598    -3.679
  5092.887      14.0     5.082    -3.022
  5093.011      24.1     6.285    -2.557
  5093.070 106.00113     2.874    -2.916               3.456
  5093.078      20.0     5.821    -3.297
  5093.088      69.1     4.736    -1.950
  5093.098     607.0     0.962    -4.154               7.650
  5093.122 106.00112     3.303    -2.560               3.456
  5093.195      27.0     4.475    -3.864
  5093.205 106.00112     2.814    -3.527               3.456
  5093.210     607.0     0.836    -3.136               7.650
  5093.255      25.1     7.757    -3.602
  5093.286 106.00112     2.814    -3.538               3.456
  5093.312 106.00112     0.978    -3.828               3.456
  5093.327     607.0     1.277    -4.071               7.650
  5093.340 106.00112     3.303    -2.571               3.456
  5093.372      58.0     0.466     -0.54                                        
  5093.430      24.0     1.030    -4.30
  5093.465      26.1     6.803    -2.321
  5093.478      21.0     2.569    -1.539
  5093.480    27.1      11.398     0.000
  5093.487     607.0     0.865    -3.872               7.650
  5093.490      22.0     1.739    -4.014
  5093.499      26.1     9.731    -4.593
  5093.525      25.1     6.495    -4.677
  5093.527     607.0     0.865    -2.707               7.650
  5093.545      24.0     4.175    -4.198
  5093.548      27.0     2.874    -4.137
  5093.572    26.1      10.379     0.170
  5093.618     607.0     1.205    -4.602               7.650
  5093.647      21.0     2.146    -1.578
  5093.744      24.0     3.847    -4.353
  5093.800      25.0     4.827    -3.689
  5093.800      25.0     4.827    -2.854
  5093.831      44.0     1.177    -1.390
  5093.831      44.0     1.177    -1.390
  5093.870      22.0     3.559    -1.531
  5093.969      26.0     4.913    -2.141
  5093.985      22.0     2.334    -2.914
  5094.002 106.00113     3.003    -2.957               3.456
  5094.020 106.00113     2.814    -3.538               3.456
  5094.111 106.00113     3.003    -2.971               3.456
  5094.122    27.1      11.396    -0.300
  5094.129     607.0     0.912    -3.483               7.650
  5094.130      90.0     1.761    -0.679
  5094.171 106.00113     2.814    -3.527               3.456
  5094.189      22.0     3.351    -3.627
  5094.274    27.1      11.398    -0.410
  5094.302      69.1     4.692    -2.610
  5094.333      24.0     5.277    -1.536
  5094.355 106.00113     3.699    -2.718               3.456
  5094.392      41.0     0.000    -2.100
  5094.392     607.0     0.956    -2.755               7.650
  5094.406      28.0     3.833    -1.080
  5094.412     607.0     0.948    -2.872               7.650
  5094.414      69.1     3.618    -1.820
  5094.418      27.1     8.890    -3.897
  5094.420 106.00112     3.551    -3.049               3.456
  5094.431      24.0     3.375    -3.546
  5094.465     607.0     0.948    -3.690               7.650
  5094.474     607.0     0.956    -4.427               7.650
  5094.603     607.0     0.934    -2.864               7.650
  5094.621      22.0     2.487    -1.336
  5094.633     607.0     1.177    -3.384               7.650
  5094.686      69.1     3.010    -3.530
  5094.752     607.0     1.177    -4.801               7.650
  5094.885     607.0     1.114    -3.810               7.650
  5094.901    26.1      10.467    -0.720
  5094.942      27.0     2.042    -1.990
  5094.948      26.0     4.209    -2.80
  5094.960      23.1     8.757    -3.295
  5094.989 106.00112     2.563    -3.449               3.456
  5094.999      27.0     4.110    -0.825
  5095.020      23.0     3.239    -3.498
  5095.028 106.00112     3.551    -3.058               3.456
  5095.068      90.0     2.285     0.119
  5095.097     607.0     0.860    -4.133               7.650
  5095.137      23.1     6.166    -4.625
  5095.170     607.0     0.860    -3.120               7.650
  5095.202 106.00112     2.563    -3.429               3.456
  5095.202      25.1     7.758    -2.853
  5095.204 106.00112     3.464    -3.058               3.456
  5095.217      73.0     1.595    -1.660
  5095.217 106.00112     3.003    -2.957               3.456
  5095.230 106.00113     3.699    -2.708               3.456
  5095.248     607.0     0.828    -3.603               7.650
  5095.252     607.0     0.792    -4.453               7.650
  5095.269    27.1      11.396     0.550
  5095.279 106.00112     2.874    -2.930               3.456
  5095.281     607.0     0.828    -3.156               7.650
  5095.287     607.0     1.277    -4.064               7.650
  5095.289      26.0     3.984    -3.867
  5095.289     607.0     1.062    -2.983               7.650
  5095.293      41.0     0.086    -1.040
  5095.309     607.0     0.962    -4.149               7.650
  5095.342 106.00113     0.987    -3.929               3.456
  5095.373 106.00112     3.345    -3.154               3.456
  5095.399 106.00112     3.003    -2.971               3.456
  5095.405      26.0     4.638    -4.246
  5095.415      24.1     9.971    -3.035
  5095.430 106.00112     3.285    -3.088               3.456
  5095.433 106.00113     0.987    -4.529               3.456
  5095.438 106.00112     3.285    -3.078               3.456
  5095.559      24.0     4.402    -3.720
  5095.573 106.00112     2.874    -2.916               3.456
  5095.594 106.00112     3.346    -3.165               3.456
  5095.607 106.00112     2.444    -3.307               3.456
  5095.612 106.00112     1.034    -3.275               3.456
  5095.628 106.00112     1.034    -4.782               3.456
  5095.659      23.0     1.804    -3.554
  5095.665      24.0     3.845    -4.479
  5095.726 106.00113     2.565    -3.429               3.456
  5095.773      69.1     4.839    -1.310
  5095.815 106.00112     3.639    -3.039               3.456
  5095.815 106.00112     3.464    -3.068               3.456
  5095.830 106.00113     2.565    -3.449               3.456
  5095.880      42.0     2.597    -1.549
  5095.887 106.00112     3.701    -2.708               3.456
  5095.961      22.0     2.662    -1.967
  5095.993      70.1     5.510    -3.290
  5096.038 106.00112     1.034    -4.765               3.456
  5096.043 106.00112     2.444    -3.321               3.456
  5096.054 106.00112     1.034    -3.188               3.456
  5096.068      64.1     1.102    -1.250
  5096.082      23.0     3.089    -0.908
  5096.108 106.00112     3.702    -2.718               3.456
  5096.170      26.0     4.584    -4.856
  5096.220     607.0     0.886    -2.685               7.650
  5096.222     607.0     1.052    -4.103               7.650
  5096.248      20.1     8.438    -3.416
  5096.248      20.1     8.438    -2.115
  5096.248 106.00113     0.987    -3.712               3.456
  5096.264     607.0     0.886    -3.899               7.650
  5096.280     607.0     1.039    -3.130               7.650
  5096.384     607.0     0.805    -3.973               7.650
  5096.407      24.1     6.805    -3.330
  5096.425 106.00112     3.639    -3.048               3.456
  5096.433      63.0     2.409      0.48                                        
  5096.477      24.1     8.634    -4.165
  5096.493      75.0     2.022    -2.180
  5096.516      60.1     0.550     -1.18                                        
  5096.532 106.00113     2.444    -3.307               3.456
  5096.575      26.0     4.733    -3.544
  5096.616     607.0     0.912    -4.739               7.650
  5096.630      24.1     6.803    -4.311
  5096.637      42.0     2.598    -1.149
  5096.643 106.00112     3.397    -2.483               3.456
  5096.695 106.00113     3.397    -2.483               3.456
  5096.713      20.1     8.438    -2.270
  5096.716      21.0     1.433    -0.580
  5096.716     607.0     0.912    -3.477               7.650
  5096.719 106.00113     2.444    -3.321               3.456
  5096.727      24.0     3.551    -1.443
  5096.791     607.0     1.114    -3.803               7.650
  5096.807 106.00113     3.398    -2.494               3.456
  5096.826     607.0     1.177    -3.375               7.650
  5096.836      25.1     6.668    -2.721
  5096.849 106.00113     3.551    -3.049               3.456
  5096.854      28.0     3.740    -0.900
  5096.862 106.00113     1.055    -3.187               3.456
  5096.872 106.00112     3.398    -2.494               3.456
  5096.894    27.1      11.401    -0.490
  5096.898 106.00113     3.345    -3.154               3.456
  5096.901 106.00113     3.285    -3.088               3.456
  5096.903 106.00113     3.346    -3.165               3.456
  5096.905    26.1      10.381    -0.600
  5096.908 106.00113     3.708    -1.375               3.456
  5096.919 106.00112     1.247    -3.081               3.456
  5096.934 106.00113     1.055    -4.797               3.456
  5096.952     607.0     0.956    -4.424               7.650
  5096.984      24.0     3.850    -3.590
  5096.998      26.0     4.283    -0.20
  5097.019    27.1      11.323     0.110
  5097.034     607.0     0.956    -2.745               7.650
  5097.049      25.1     6.668    -2.983
  5097.069     607.0     0.875    -3.881               7.650
  5097.090      26.0     4.985    -4.746
  5097.111     607.0     0.876    -2.685               7.650
  5097.127 106.00112     1.247    -4.947               3.456
  5097.140 106.00113     3.285    -3.078               3.456
  5097.150 106.00113     1.055    -4.830               3.456
  5097.166 106.00112     1.247    -3.026               3.456
  5097.171      19.0     1.610    -2.340
  5097.210 106.00113     3.551    -3.058               3.456
  5097.223 106.00113     1.055    -3.107               3.456
  5097.235      69.1     4.481    -1.860
  5097.259      58.0     0.384     -0.81                                        
  5097.274    26.1      10.379     0.320
  5097.283      24.0     2.915    -3.493
  5097.295      24.0     4.175    -2.801
  5097.295     607.0     0.845    -3.108               7.650
  5097.311      24.1     3.714    -2.782
  5097.311 106.00113     3.708    -1.365               3.456
  5097.381      70.1     7.020    -2.400
  5097.386 106.00113     3.464    -3.058               3.456
  5097.395      24.0     3.850    -2.916
